! FREQ.GHZ	Amplitude	UPhase	I	Q	exported by
5.983	-11.96581369	0.371126682	0.043352141	0.248424951	bchuang
5.9830025	-12.00672412	0.28357287	0.041463581	0.247545736	bchuang
5.983005	-12.03380509	0.201466283	0.042049406	0.246654327	bchuang
5.9830075	-12.00307227	0.215105466	0.042766093	0.247431155	bchuang
5.98301	-11.94350193	0.288218996	0.043405507	0.249074048	bchuang
5.9830125	-12.00230412	0.25628246	0.041673826	0.247639982	bchuang
5.983015	-12.05008169	0.220824728	0.042658011	0.246074388	bchuang
5.9830175	-12.017346	0.27288627	0.042354266	0.24708368	bchuang
5.98302	-12.01016425	0.227265132	0.042180067	0.247323835	bchuang
5.9830225	-12.02789046	0.160001061	0.042877975	0.246684637	bchuang
5.983025	-12.00857662	0.17601028	0.044607204	0.246944226	bchuang
5.9830275	-11.97931856	0.289286525	0.045105005	0.247714465	bchuang
5.98303	-11.99957103	0.244613406	0.043529244	0.247400832	bchuang
5.9830325	-11.94644232	0.184635116	0.045377319	0.248635385	bchuang
5.983035	-12.03678346	0.328199713	0.045080645	0.246031145	bchuang
5.9830375	-12.06435674	0.300405658	0.042590373	0.245669885	bchuang
5.98304	-11.95873294	0.27020617	0.044052191	0.24851064	bchuang
5.9830425	-12.02559249	0.198530224	0.042180999	0.246871981	bchuang
5.983045	-11.98567142	0.167041927	0.045281868	0.247495052	bchuang
5.9830475	-12.00110272	0.212238495	0.044528521	0.247177925	bchuang
5.98305	-12.06651629	0.162499001	0.045842059	0.245020881	bchuang
5.9830525	-12.0480198	0.216131708	0.046625098	0.245413997	bchuang
5.983055	-12.00830999	0.225824347	0.047029437	0.246502235	bchuang
5.9830575	-11.97783363	0.197996324	0.047619413	0.247287261	bchuang
5.98306	-12.03381332	0.31533085	0.04826131	0.245514229	bchuang
5.9830625	-12.0640439	0.334388828	0.045327707	0.245188722	bchuang
5.983065	-11.99863285	0.190110288	0.046101598	0.246962027	bchuang
5.9830675	-12.01512666	0.165165854	0.047173266	0.246274308	bchuang
5.98307	-11.99380452	0.219934699	0.048402582	0.246663736	bchuang
5.9830725	-12.08161272	0.220864791	0.047581613	0.244248028	bchuang
5.983075	-12.06183145	0.253959226	0.048768883	0.244592288	bchuang
5.9830775	-11.93354881	0.243360122	0.048243388	0.248477682	bchuang
5.98308	-11.94176394	0.199948326	0.049583168	0.247969786	bchuang
5.9830825	-11.95009837	0.24445672	0.049480082	0.247743061	bchuang
5.983085	-11.99442005	0.19523768	0.04938815	0.246450126	bchuang
5.9830875	-12.06803496	0.207617994	0.050249499	0.24411061	bchuang
5.98309	-11.98362801	0.239529302	0.050561738	0.246531036	bchuang
5.9830925	-11.97369586	0.229057452	0.051037837	0.246726951	bchuang
5.983095	-12.0449919	0.17656723	0.050727602	0.244687887	bchuang
5.9830975	-11.95999679	0.244781319	0.053081861	0.246702078	bchuang
5.9831	-12.08508182	0.283081201	0.050588666	0.243541483	bchuang
5.9831025	-11.98952966	0.198474191	0.051952753	0.246066954	bchuang
5.983105	-11.92117586	0.337656717	0.052922296	0.247892323	bchuang
5.9831075	-12.06114997	0.296013634	0.049105333	0.244544922	bchuang
5.98311	-12.02717093	0.086793424	0.050983766	0.245158875	bchuang
5.9831125	-11.93119823	0.117710537	0.05428216	0.24729884	bchuang
5.983115	-12.01158835	0.21496871	0.054625638	0.244833901	bchuang
5.9831175	-11.90903907	0.326800971	0.05533636	0.247727811	bchuang
5.98312	-12.0291465	0.324718163	0.052386176	0.244804801	bchuang
5.9831225	-12.02765666	0.185557646	0.052512946	0.244821561	bchuang
5.983125	-11.93706654	0.195537534	0.054664021	0.24703958	bchuang
5.9831275	-11.95787734	0.324307332	0.054379047	0.24648246	bchuang
5.98313	-11.97803548	0.189414552	0.052332371	0.246326964	bchuang
5.9831325	-12.01297278	0.080510009	0.05563282	0.244566008	bchuang
5.983135	-12.03743382	0.210687324	0.056517606	0.243639038	bchuang
5.9831375	-12.04172139	0.31954199	0.05646472	0.243524598	bchuang
5.98314	-12.00484492	0.197272531	0.054796152	0.244995442	bchuang
5.9831425	-11.96051327	0.168095657	0.058384591	0.245485776	bchuang
5.983145	-11.96192827	0.326978068	0.057254516	0.245709595	bchuang
5.9831475	-11.9904938	0.307442093	0.056046698	0.245138252	bchuang
5.98315	-12.0358992	0.241680881	0.055169824	0.243993072	bchuang
5.9831525	-11.9894616	0.219131729	0.056232912	0.245126264	bchuang
5.983155	-11.96606594	0.181856118	0.056409987	0.245781578	bchuang
5.9831575	-12.03811867	0.173296395	0.057712693	0.243338452	bchuang
5.98316	-12.03789997	0.20481502	0.057970225	0.243283702	bchuang
5.9831625	-12.07949756	0.255749871	0.058605069	0.241902295	bchuang
5.983165	-11.93001361	0.293127591	0.058490898	0.24637283	bchuang
5.9831675	-12.01019129	0.206830477	0.057861485	0.244130896	bchuang
5.98317	-11.95647985	0.199106287	0.059441355	0.245352631	bchuang
5.9831725	-11.95677423	0.327021994	0.059557016	0.245315776	bchuang
5.983175	-11.91571572	0.224386442	0.057566709	0.24701878	bchuang
5.9831775	-11.9738527	0.162403622	0.060088631	0.244675526	bchuang
5.98318	-12.05436234	0.22841243	0.058967509	0.242556583	bchuang
5.9831825	-11.95007065	0.236516686	0.060793882	0.245212998	bchuang
5.983185	-11.99666903	0.297326756	0.059679088	0.244095377	bchuang
5.9831875	-12.07837023	0.195753085	0.058587819	0.241939714	bchuang
5.98319	-11.96917377	0.209926804	0.061293601	0.244516412	bchuang
5.9831925	-11.97963818	0.30382849	0.060297843	0.244451268	bchuang
5.983195	-12.0549902	0.189168545	0.059198836	0.242481655	bchuang
5.9831975	-12.02363951	0.209418326	0.061586117	0.242817576	bchuang
5.9832	-12.02215328	0.314445668	0.060471475	0.243141737	bchuang
5.9832025	-11.96202413	0.187050869	0.060228996	0.244994587	bchuang
5.983205	-12.08747694	0.176567983	0.061655495	0.240906941	bchuang
5.9832075	-11.96505569	0.216448453	0.062153583	0.244422579	bchuang
5.98321	-11.9856494	0.203709519	0.063242635	0.243526053	bchuang
5.9832125	-11.98096136	0.264663557	0.06324499	0.24366578	bchuang
5.983215	-12.04414038	0.271221934	0.062378845	0.242005322	bchuang
5.9832175	-11.9934904	0.261920342	0.062534866	0.243474371	bchuang
5.98322	-11.99947402	0.17969702	0.062332654	0.243347523	bchuang
5.9832225	-11.95816033	0.175941511	0.064647108	0.243982138	bchuang
5.983225	-11.95077696	0.264273101	0.064644052	0.244204991	bchuang
5.9832275	-11.9969531	0.243807364	0.063928379	0.243008598	bchuang
5.98323	-11.97071981	0.273032465	0.064616797	0.243612876	bchuang
5.9832325	-12.00569158	0.215180006	0.063197764	0.242938556	bchuang
5.983235	-11.98356073	0.151831976	0.065413839	0.24301451	bchuang
5.9832375	-11.98984281	0.12424362	0.065912422	0.242691217	bchuang
5.98324	-11.98015798	0.222636157	0.068776832	0.242186731	bchuang
5.9832425	-12.04765038	0.360701444	0.066160598	0.240894195	bchuang
5.983245	-11.94458169	0.258497142	0.066022726	0.244022598	bchuang
5.9832475	-12.08333083	0.111283986	0.065617729	0.239981106	bchuang
5.98325	-12.07543261	0.259702758	0.068679354	0.239358379	bchuang
5.9832525	-11.99450143	0.254012072	0.06598529	0.242531671	bchuang
5.983255	-11.92234317	0.222035485	0.069745894	0.243658811	bchuang
5.9832575	-11.97770845	0.284678465	0.066820005	0.242807564	bchuang
5.98326	-11.94545867	0.237313185	0.068579396	0.243289934	bchuang
5.9832625	-12.04428074	0.209394925	0.066602948	0.24087284	bchuang
5.983265	-11.96970407	0.245761478	0.069433796	0.24231461	bchuang
5.9832675	-11.97375764	0.33103489	0.067213904	0.242817704	bchuang
5.98327	-12.03253633	0.141993673	0.066723252	0.241190402	bchuang
5.9832725	-12.02582127	0.204784093	0.069652168	0.24056243	bchuang
5.983275	-11.9831404	0.172751623	0.068273012	0.242239444	bchuang
5.9832775	-11.99767517	0.10096788	0.071897062	0.240749521	bchuang
5.98328	-12.02257543	0.282132667	0.071893434	0.239999867	bchuang
5.9832825	-12.04962643	0.410870415	0.070569722	0.23958039	bchuang
5.983285	-11.97637396	0.217213449	0.067915793	0.242543526	bchuang
5.9832875	-12.0239774	0.162835139	0.071605875	0.240043624	bchuang
5.98329	-12.00963606	0.322850226	0.06994239	0.240964636	bchuang
5.9832925	-11.94992959	0.198012307	0.070214932	0.24268755	bchuang
5.983295	-12.00925295	0.226053326	0.071287658	0.240581623	bchuang
5.9832975	-11.99560272	0.288610815	0.070441609	0.241241853	bchuang
5.9833	-12.01491875	0.244844276	0.070165503	0.240740865	bchuang
5.9833025	-11.98654728	0.123120974	0.070607254	0.241466558	bchuang
5.983305	-11.93346667	0.195663779	0.074192168	0.242002721	bchuang
5.9833075	-12.01345485	0.244349827	0.071792191	0.240304893	bchuang
5.98331	-11.95491155	0.196634802	0.074114586	0.241373641	bchuang
5.9833125	-12.06781155	0.299263758	0.072710795	0.238393242	bchuang
5.983315	-11.98146708	0.195864833	0.072527022	0.241050603	bchuang
5.9833175	-11.92610128	0.240006718	0.075313985	0.241880858	bchuang
5.98332	-12.00271704	0.252206069	0.07257053	0.240395073	bchuang
5.9833225	-12.0293882	0.183549665	0.074319821	0.239053924	bchuang
5.983325	-11.9970163	0.24740554	0.074342961	0.24002546	bchuang
5.9833275	-12.00241238	0.208657103	0.07457442	0.239790225	bchuang
5.98333	-12.02837667	0.160864504	0.075125196	0.238832614	bchuang
5.9833325	-11.92733663	0.286908729	0.07756274	0.241131321	bchuang
5.983335	-12.0793214	0.302138998	0.073668391	0.23775356	bchuang
5.9833375	-12.02088276	0.132439899	0.07530613	0.239002213	bchuang
5.98334	-12.02257691	0.207449238	0.077218974	0.238339696	bchuang
5.9833425	-12.02950106	0.29369692	0.076311797	0.238422095	bchuang
5.983345	-11.91373821	0.25604187	0.076976491	0.241735647	bchuang
5.9833475	-12.0330548	0.210020644	0.076075619	0.238390072	bchuang
5.98335	-12.00256209	0.25339143	0.077207852	0.238950769	bchuang
5.9833525	-11.94516572	0.265613884	0.076712988	0.240857952	bchuang
5.983355	-12.01382898	0.170291006	0.076649141	0.238788716	bchuang
5.9833575	-12.04320285	0.163852894	0.077908708	0.237489819	bchuang
5.98336	-12.08040292	0.197575205	0.078278978	0.236243016	bchuang
5.9833625	-12.04111685	0.296590361	0.07926186	0.237104938	bchuang
5.983365	-12.04693459	0.250442347	0.077309895	0.237572525	bchuang
5.9833675	-11.95440496	0.18840389	0.079999855	0.239502958	bchuang
5.98337	-11.9414831	0.276367414	0.079849142	0.239949485	bchuang
5.9833725	-11.94424535	0.200154051	0.079346516	0.240031474	bchuang
5.983375	-11.96531578	0.169145071	0.080906277	0.238863622	bchuang
5.9833775	-11.94989334	0.282609309	0.081396787	0.239170398	bchuang
5.98338	-11.99834879	0.290379653	0.079693007	0.238261942	bchuang
5.9833825	-11.95215779	0.162888091	0.080258718	0.239485245	bchuang
5.983385	-11.98807229	0.240126406	0.082042478	0.237777825	bchuang
5.9833875	-11.96756365	0.290435065	0.080332759	0.238988268	bchuang
5.98339	-12.0259468	0.113747636	0.080578239	0.23712242	bchuang
5.9833925	-11.9972772	0.267040133	0.083602305	0.236951386	bchuang
5.983395	-11.90871675	0.374247064	0.081173204	0.240513771	bchuang
5.9833975	-12.05673643	0.168355534	0.07973721	0.236471536	bchuang
5.9834	-11.9850327	0.173789184	0.082572875	0.237687357	bchuang
5.9834025	-11.96729466	0.212438364	0.082533274	0.238245547	bchuang
5.983405	-11.99174076	0.267169097	0.083452504	0.237174031	bchuang
5.9834075	-11.96883054	0.221705407	0.082019783	0.238375667	bchuang
5.98341	-12.03545351	0.182963792	0.083728722	0.235737676	bchuang
5.9834125	-12.04876682	0.292862071	0.082976983	0.23559715	bchuang
5.983415	-12.02601845	0.180174979	0.082652313	0.236405277	bchuang
5.9834175	-12.04747052	0.268543939	0.084766506	0.234998856	bchuang
5.98342	-11.98684006	0.325324281	0.082492364	0.237659896	bchuang
5.9834225	-11.93037831	0.086794195	0.083879286	0.238913452	bchuang
5.983425	-11.97588141	0.201824255	0.086843956	0.236442888	bchuang
5.9834275	-11.99590159	0.214078536	0.084469355	0.236685939	bchuang
5.98343	-12.08322637	0.201331591	0.086662474	0.233211753	bchuang
5.9834325	-12.01573762	0.402222003	0.085504971	0.235704066	bchuang
5.983435	-12.01620152	0.222690241	0.083309946	0.236474618	bchuang
5.9834375	-11.98516323	0.221512417	0.086477439	0.23629073	bchuang
5.98344	-11.99622016	0.294164918	0.084205081	0.236770305	bchuang
5.9834425	-12.01421872	0.172467651	0.084989556	0.235937011	bchuang
5.983445	-12.06148115	0.184385173	0.08554736	0.234287127	bchuang
5.9834475	-12.01101109	0.310287596	0.086691099	0.23541584	bchuang
5.98345	-12.05305367	0.225303463	0.084016203	0.235097681	bchuang
5.9834525	-11.92595399	0.211775125	0.088149734	0.237508625	bchuang
5.983455	-12.02421947	0.264001534	0.085249797	0.235536234	bchuang
5.9834575	-11.98831253	0.166513668	0.087108129	0.235961727	bchuang
5.98346	-11.94222926	0.249846282	0.088210581	0.236980057	bchuang
5.9834625	-12.00215389	0.237538534	0.086928686	0.235601047	bchuang
5.983465	-11.98404681	0.145992034	0.088067915	0.235737091	bchuang
5.9834675	-12.05527198	0.268582051	0.089049043	0.23316964	bchuang
5.98347	-12.03115969	0.260723171	0.087063684	0.234658414	bchuang
5.9834725	-11.99244019	0.242930701	0.08937159	0.234985915	bchuang
5.983475	-12.01904574	0.342665555	0.087324725	0.234934097	bchuang
5.9834775	-11.92756245	0.173080732	0.087559282	0.237676942	bchuang
5.98348	-11.99558454	0.094386898	0.089522193	0.234831202	bchuang
5.9834825	-11.96872833	0.166332159	0.091168983	0.235031733	bchuang
5.983485	-11.99565637	0.273815021	0.091651616	0.234006096	bchuang
5.9834875	-12.02479904	0.236005669	0.089920997	0.233774863	bchuang
5.98349	-12.04891379	0.188734538	0.091407986	0.232451427	bchuang
5.9834925	-12.04091627	0.270845208	0.091293093	0.232743748	bchuang
5.983495	-11.99951412	0.335242601	0.09134431	0.234006433	bchuang
5.9834975	-11.98944616	0.248036553	0.089574095	0.235001558	bchuang
5.9835	-11.99648467	0.138771207	0.091382664	0.234085531	bchuang
5.9835025	-12.02210838	0.183388942	0.092074135	0.233018682	bchuang
5.983505	-11.96400291	0.319958259	0.093413382	0.234296448	bchuang
5.9835075	-12.0236227	0.290632029	0.090203756	0.233702268	bchuang
5.98351	-12.0630228	0.249464131	0.091265895	0.232071683	bchuang
5.9835125	-12.05864274	0.218959758	0.089810411	0.232773645	bchuang
5.983515	-12.04852954	0.112382437	0.092173715	0.232160746	bchuang
5.9835175	-12.02104109	0.177726425	0.093712521	0.232397817	bchuang
5.98352	-12.02526592	0.20866585	0.094239274	0.2320532	bchuang
5.9835225	-12.01899431	0.31329678	0.094754883	0.232038561	bchuang
5.983525	-11.99839734	0.232022799	0.092850925	0.233447485	bchuang
5.9835275	-12.04386532	0.221769664	0.094901037	0.231204337	bchuang
5.98353	-12.03131419	0.323381507	0.093183089	0.232291497	bchuang
5.9835325	-11.93475302	0.260936104	0.094147958	0.234919098	bchuang
5.983535	-12.07524445	0.206866043	0.092388741	0.23124942	bchuang
5.9835375	-12.01812182	0.140486414	0.094316239	0.232244376	bchuang
5.98354	-12.05183237	0.248181867	0.095402939	0.23074976	bchuang
5.9835425	-12.00079013	0.233518447	0.094507326	0.232707158	bchuang
5.983545	-12.09374158	0.172858903	0.09531963	0.229483305	bchuang
5.9835475	-12.01267738	0.146338255	0.09631829	0.23159147	bchuang
5.98355	-11.93890149	0.183498739	0.099668546	0.232499136	bchuang
5.9835525	-12.01969533	0.31410494	0.097900313	0.23070711	bchuang
5.983555	-12.09113309	0.258877639	0.096267087	0.229168422	bchuang
5.9835575	-12.02690191	0.281554601	0.097548354	0.230630487	bchuang
5.98356	-12.02918562	0.210512449	0.096104071	0.231164758	bchuang
5.9835625	-11.98013619	0.162390162	0.099045291	0.23146277	bchuang
5.983565	-12.06623136	0.206130246	0.09788294	0.229259097	bchuang
5.9835675	-12.10687363	0.319139975	0.098675763	0.227651229	bchuang
5.98357	-12.02943474	0.229505886	0.096486741	0.230997514	bchuang
5.9835725	-12.06244647	0.134395032	0.09965804	0.228611588	bchuang
5.983575	-12.06567498	0.284851752	0.098982187	0.228804046	bchuang
5.9835775	-12.05180004	0.277408914	0.098851455	0.229294628	bchuang
5.98358	-11.99328284	0.250272646	0.099065077	0.23104006	bchuang
5.9835825	-12.05673348	0.270620743	0.098744858	0.22918618	bchuang
5.983585	-11.97974652	0.235219015	0.098646245	0.231645395	bchuang
5.9835875	-12.11967616	0.17285086	0.098361456	0.227389097	bchuang
5.98359	-12.0615666	0.216826909	0.099637293	0.228648189	bchuang
5.9835925	-12.06274758	0.169445434	0.099806039	0.22853758	bchuang
5.983595	-11.99273819	0.215491938	0.102440804	0.229580501	bchuang
5.9835975	-11.98281242	0.10231599	0.101566809	0.230282695	bchuang
5.9836	-12.01420141	0.309685378	0.105881024	0.227330063	bchuang
5.9836025	-12.01007974	0.420819822	0.099683324	0.230244864	bchuang
5.983605	-12.03904424	0.12613791	0.101223115	0.228658938	bchuang
5.9836075	-12.07108623	0.241722435	0.102072997	0.22727182	bchuang
5.98361	-11.99667241	0.207630389	0.101885322	0.229703023	bchuang
5.9836125	-12.0574858	0.190591289	0.10325803	0.227164795	bchuang
5.983615	-12.03251069	0.248847733	0.102927117	0.228103442	bchuang
5.9836175	-11.99181223	0.261394613	0.104027476	0.228895359	bchuang
5.98362	-12.00695204	0.242979381	0.10289782	0.22892543	bchuang
5.9836225	-12.08564665	0.220702553	0.103042936	0.226375295	bchuang
5.983625	-12.02028109	0.225196985	0.103438645	0.228259102	bchuang
5.9836275	-12.06919184	0.163702707	0.103818641	0.226539506	bchuang
5.98363	-11.93286179	0.261306717	0.106642725	0.229577979	bchuang
5.9836325	-12.03891949	0.262100984	0.10385281	0.227480591	bchuang
5.983635	-12.07419876	0.180934377	0.104575378	0.226032956	bchuang
5.9836375	-12.08629882	0.279641784	0.104974529	0.225465474	bchuang
5.98364	-12.05322753	0.292850194	0.104039808	0.226942427	bchuang
5.9836425	-12.00886709	0.196963289	0.104789202	0.228004967	bchuang
5.983645	-12.04089342	0.200842665	0.105479242	0.226668346	bchuang
5.9836475	-12.00280641	0.273151702	0.106061149	0.227609332	bchuang
5.98365	-12.03143446	0.170587863	0.104968165	0.227205584	bchuang
5.9836525	-12.04253279	0.193460821	0.107525158	0.225652743	bchuang
5.983655	-12.03141257	0.312598459	0.106347667	0.22656386	bchuang
5.9836575	-11.98781964	0.211749477	0.106582616	0.227844441	bchuang
5.98366	-11.98995527	0.076022243	0.107777834	0.227213061	bchuang
5.9836625	-12.04393116	0.256088411	0.110200622	0.22431346	bchuang
5.983665	-11.9587166	0.31694707	0.107968853	0.228125184	bchuang
5.9836675	-12.05292994	0.177348847	0.108377414	0.22491277	bchuang
5.98367	-12.00681509	0.223262984	0.109153686	0.226013878	bchuang
5.9836725	-12.00531101	0.274121293	0.109600255	0.225845978	bchuang
5.983675	-11.95347702	0.299257359	0.109174179	0.227719712	bchuang
5.9836775	-12.02558355	0.215689134	0.108069604	0.225933843	bchuang
5.98368	-12.04651398	0.143367659	0.108824609	0.2249017	bchuang
5.9836825	-12.01151479	0.338347559	0.110870011	0.225025568	bchuang
5.983685	-12.00783687	0.313980482	0.107049007	0.226985662	bchuang
5.9836875	-12.06874665	0.195770328	0.108510645	0.224344075	bchuang
5.98369	-12.05144024	0.17457486	0.107826253	0.225225002	bchuang
5.9836925	-12.03741341	0.164706099	0.110739333	0.224257252	bchuang
5.983695	-12.01962793	0.321299135	0.110312097	0.225038792	bchuang
5.9836975	-12.0254889	0.332778973	0.10906988	0.225455692	bchuang
5.9837	-12.10748089	0.204102615	0.10711018	0.223787377	bchuang
5.9837025	-12.0093762	0.061183317	0.110377651	0.225336271	bchuang
5.983705	-12.06650582	0.242225186	0.11225775	0.222564763	bchuang
5.9837075	-12.02515508	0.366399477	0.110328463	0.224853196	bchuang
5.98371	-12.1161644	0.128951722	0.108710166	0.222738704	bchuang
5.9837125	-12.03220914	0.202354627	0.113201929	0.223192391	bchuang
5.983715	-12.11462248	0.275397395	0.109862631	0.222221617	bchuang
5.9837175	-12.09004779	0.183448708	0.111783659	0.222048133	bchuang
5.98372	-12.05433361	0.291853639	0.112233675	0.222968333	bchuang
5.9837225	-12.02672448	0.247322713	0.111519786	0.224214188	bchuang
5.983725	-12.04970805	0.151702149	0.112317301	0.223075101	bchuang
5.9837275	-12.06296625	0.295520259	0.113440169	0.222078517	bchuang
5.98373	-12.03269468	0.236360252	0.111365399	0.224098788	bchuang
5.9837325	-12.06559104	0.142731137	0.113699376	0.221861258	bchuang
5.983735	-11.96946179	0.249078748	0.114813326	0.224407814	bchuang
5.9837375	-11.98441194	0.181326352	0.114747331	0.223954593	bchuang
5.98374	-12.09193235	0.2114173	0.114845466	0.220419298	bchuang
5.9837425	-12.04308088	0.218363736	0.114883292	0.221979199	bchuang
5.983745	-12.0673734	0.273763285	0.115903388	0.220660076	bchuang
5.9837475	-12.04378595	0.325922389	0.114246509	0.222284792	bchuang
5.98375	-12.0570364	0.115478844	0.114135396	0.221913542	bchuang
5.9837525	-12.04985626	0.178852216	0.11742517	0.220424312	bchuang
5.983755	-12.02689617	0.365823858	0.116243126	0.221796576	bchuang
5.9837575	-12.04516804	0.249849036	0.114604473	0.2220557	bchuang
5.98376	-11.97888261	0.18038005	0.116848831	0.223046257	bchuang
5.9837625	-12.08789302	0.099937548	0.115702618	0.220101192	bchuang
5.983765	-12.04469246	0.238655889	0.119592135	0.219425337	bchuang
5.9837675	-11.99239586	0.303744588	0.117219294	0.222409406	bchuang
5.98377	-12.02264809	0.203427133	0.118541085	0.220716024	bchuang
5.9837725	-11.98734492	0.259185683	0.118392919	0.221952645	bchuang
5.983775	-12.04574439	0.231404843	0.117960187	0.220272619	bchuang
5.9837775	-12.03029183	0.242064612	0.118222177	0.220637016	bchuang
5.98378	-11.95478011	0.247533653	0.119355568	0.222509291	bchuang
5.9837825	-12.00394322	0.240631496	0.118599823	0.221297433	bchuang
5.983785	-12.04510353	0.157974575	0.118307703	0.220107097	bchuang
5.9837875	-12.03814658	0.208355846	0.120335046	0.219233738	bchuang
5.98379	-12.07207738	0.246982172	0.118911205	0.218900292	bchuang
5.9837925	-12.07080804	0.169903474	0.119914989	0.218393563	bchuang
5.983795	-11.99173761	0.227146733	0.121931755	0.219883002	bchuang
5.9837975	-12.0207724	0.318232925	0.12112229	0.219371962	bchuang
5.9838	-11.95454492	0.286194257	0.120738687	0.221769607	bchuang
5.9838025	-12.00924124	0.246846707	0.12035885	0.220171216	bchuang
5.983805	-12.04766157	0.116114122	0.119486254	0.219385761	bchuang
5.9838075	-12.02402087	0.169400641	0.123362349	0.218012489	bchuang
5.98381	-11.99957162	0.362962774	0.122074577	0.219544428	bchuang
5.9838125	-11.98080143	0.210991884	0.121181878	0.220658622	bchuang
5.983815	-12.09807235	0.259477641	0.121594617	0.216567826	bchuang
5.9838175	-12.00236543	0.260183604	0.120608182	0.22026131	bchuang
5.98382	-12.04203939	0.104621638	0.122093928	0.218130675	bchuang
5.9838225	-12.05207739	0.25244166	0.123393111	0.217066339	bchuang
5.983825	-12.01604965	0.320565732	0.122358994	0.218840734	bchuang
5.9838275	-12.02751154	0.238192345	0.121994095	0.218665822	bchuang
5.98383	-12.0012993	0.220881049	0.122812233	0.219075366	bchuang
5.9838325	-11.97596518	0.14205194	0.123388065	0.219593428	bchuang
5.983835	-12.01553198	0.125654789	0.125178886	0.217257291	bchuang
5.9838375	-12.10299777	0.250289478	0.124527805	0.214731878	bchuang
5.98384	-12.09194873	0.240190112	0.124034588	0.215381838	bchuang
5.9838425	-12.05208698	0.273901675	0.125453698	0.215881651	bchuang
5.983845	-12.04629984	0.327516402	0.124072726	0.216870022	bchuang
5.9838475	-11.99704664	0.114980213	0.124337794	0.218354687	bchuang
5.98385	-12.10471653	0.115108626	0.126411528	0.213571296	bchuang
5.9838525	-12.06976591	0.380723743	0.126485078	0.214689951	bchuang
5.983855	-12.02963372	0.34096307	0.124331961	0.217274561	bchuang
5.9838575	-12.06257618	0.210392369	0.12437523	0.216157182	bchuang
5.98386	-11.99265835	0.225283089	0.125778065	0.217674906	bchuang
5.9838625	-12.10559181	0.230714551	0.124309005	0.214772978	bchuang
5.983865	-11.9660806	0.221845818	0.126588689	0.218095758	bchuang
5.9838675	-12.02470003	0.19374809	0.126107107	0.216413725	bchuang
5.98387	-12.09698303	0.313967064	0.125992055	0.214075573	bchuang
5.9838725	-12.00729293	0.181593552	0.124777545	0.217762333	bchuang
5.983875	-12.05690408	0.024843552	0.128161655	0.214123786	bchuang
5.9838775	-12.00326003	0.252771395	0.130194203	0.21470412	bchuang
5.98388	-12.13080646	0.326030374	0.126970249	0.212372844	bchuang
5.9838825	-12.05556599	0.275767091	0.127568089	0.214522676	bchuang
5.983885	-12.05112026	0.208479928	0.127486804	0.214719611	bchuang
5.9838875	-12.05596926	0.265005201	0.128507716	0.213947608	bchuang
5.98389	-12.0173322	0.173946542	0.127583888	0.215793373	bchuang
5.9838925	-11.99243488	0.185468287	0.13122319	0.214443963	bchuang
5.983895	-12.01924043	0.282162555	0.129055469	0.214852292	bchuang
5.9838975	-12.08243536	0.267966636	0.129072429	0.212719744	bchuang
5.9839	-11.99493683	0.243930092	0.128946629	0.21573619	bchuang
5.9839025	-11.94118677	0.169379201	0.131292966	0.216143844	bchuang
5.983905	-11.98453291	0.284765236	0.130985974	0.214856977	bchuang
5.9839075	-12.03815406	0.207660324	0.128969802	0.214267678	bchuang
5.98391	-12.07202683	0.135117919	0.130629982	0.212117284	bchuang
5.9839125	-12.05815654	0.230717782	0.131345382	0.212143441	bchuang
5.983915	-12.05990399	0.240429141	0.131225963	0.212158316	bchuang
5.9839175	-12.04438117	0.203762161	0.131738921	0.212365464	bchuang
5.98392	-12.07016392	0.186853244	0.132115593	0.211258207	bchuang
5.9839225	-12.10629845	0.246152007	0.132236396	0.209961133	bchuang
5.983925	-11.96501558	0.301560721	0.133775263	0.213799512	bchuang
5.9839275	-12.03114839	0.202480996	0.132132138	0.212569794	bchuang
5.98393	-12.04029453	0.196823729	0.133695639	0.211278266	bchuang
5.9839325	-12.07533507	0.275606835	0.132666312	0.210737584	bchuang
5.983935	-12.05402656	0.207460483	0.132844829	0.211347894	bchuang
5.9839375	-12.09592754	0.254122461	0.133302495	0.209637285	bchuang
5.98394	-11.95878189	0.326203423	0.134171254	0.213765035	bchuang
5.9839425	-11.91986769	0.241968062	0.134178801	0.215097139	bchuang
5.983945	-12.03502934	0.207994803	0.133147031	0.211803521	bchuang
5.9839475	-12.05932297	0.067569755	0.132986029	0.211079242	bchuang
5.98395	-12.04555571	0.187745757	0.137197684	0.208839988	bchuang
5.9839525	-11.95438323	0.39929366	0.136033548	0.212736543	bchuang
5.983955	-11.96838355	0.274509341	0.134874944	0.21299177	bchuang
5.9839575	-11.99317586	0.174546996	0.134810999	0.212181409	bchuang
5.98396	-12.05189242	0.155982172	0.135304729	0.20985457	bchuang
5.9839625	-12.02972543	0.202164097	0.136400315	0.20990546	bchuang
5.983965	-12.04615624	0.250293794	0.136466243	0.209298057	bchuang
5.9839675	-12.10347128	0.266629864	0.135200813	0.208160938	bchuang
5.98397	-12.07854826	0.264392814	0.135533889	0.208795073	bchuang
5.9839725	-12.14542762	0.249525101	0.134179149	0.207397814	bchuang
5.983975	-12.07208605	0.13538538	0.135606067	0.208969096	bchuang
5.9839775	-12.00601114	0.253054369	0.138977752	0.209030255	bchuang
5.98398	-11.99209389	0.34216721	0.136749179	0.210974794	bchuang
5.9839825	-11.99196359	0.119980428	0.137015809	0.210806229	bchuang
5.983985	-12.07224001	0.202524627	0.138453207	0.207088382	bchuang
5.9839875	-12.04674446	0.355475538	0.137215538	0.20878734	bchuang
5.98399	-12.06365909	0.185059905	0.136116657	0.208925525	bchuang
5.9839925	-11.98350738	0.12598506	0.139689158	0.209338815	bchuang
5.983995	-11.97517565	0.256405595	0.140359803	0.209180661	bchuang
5.9839975	-11.97582281	0.249124992	0.139624123	0.20964988	bchuang
5.984	-12.07816809	0.187784996	0.138686106	0.206727854	bchuang
5.9840025	-12.01568315	0.28738403	0.140381665	0.207752938	bchuang
5.984005	-12.07483918	0.230046874	0.137841446	0.207406598	bchuang
5.9840075	-12.01827792	0.135179615	0.14075948	0.207406638	bchuang
5.98401	-12.07572878	0.226534939	0.140417268	0.205640583	bchuang
5.9840125	-12.02757695	0.261474662	0.141108141	0.206844988	bchuang
5.984015	-12.02653525	0.167433737	0.140912232	0.20701483	bchuang
5.9840175	-12.05350979	0.284684047	0.142530599	0.204958836	bchuang
5.98402	-12.11043293	0.343790845	0.13872915	0.205586425	bchuang
5.9840225	-12.10238814	0.063838162	0.139564674	0.205298089	bchuang
5.984025	-12.10211346	0.198759525	0.143041309	0.202900679	bchuang
5.9840275	-12.0321957	0.377447875	0.141831506	0.206188114	bchuang
5.98403	-12.08177578	0.156697945	0.14044943	0.20540872	bchuang
5.9840325	-12.03455627	0.181049347	0.143878932	0.204681544	bchuang
5.984035	-12.08808785	0.279631398	0.14187373	0.204207496	bchuang
5.9840375	-12.10304918	0.185109269	0.142042194	0.203568758	bchuang
5.98404	-12.03194304	0.338477821	0.144229995	0.204526445	bchuang
5.9840425	-12.07792006	0.299226753	0.140405002	0.205572898	bchuang
5.984045	-12.06122062	0.105645851	0.142591057	0.204646845	bchuang
5.9840475	-12.05246911	0.148704266	0.144060103	0.203923316	bchuang
5.98405	-12.05533069	0.151551726	0.144940186	0.20319772	bchuang
5.9840525	-12.03933528	0.344231947	0.146460312	0.202672682	bchuang
5.984055	-12.13939646	0.378903785	0.141395224	0.202756218	bchuang
5.9840575	-12.03079255	0.195842563	0.143651034	0.204973981	bchuang
5.98406	-12.05705626	0.154941492	0.143929811	0.203853951	bchuang
5.9840625	-12.07719136	0.198268189	0.144988196	0.202392203	bchuang
5.984065	-12.08595015	0.265069767	0.144576419	0.202378252	bchuang
5.9840675	-11.9871418	0.278566905	0.146118348	0.204773651	bchuang
5.98407	-12.04684753	0.167779412	0.144545393	0.203777833	bchuang
5.9840725	-12.06661996	0.186385404	0.146592897	0.201607951	bchuang
5.984075	-12.08667189	0.30174267	0.14527301	0.20185334	bchuang
5.9840775	-12.02578116	0.227534956	0.146080594	0.203427498	bchuang
5.98408	-12.06097227	0.198858818	0.146168913	0.202115678	bchuang
5.9840825	-12.0732697	0.176923109	0.146390717	0.201519069	bchuang
5.984085	-12.03584525	0.20695172	0.148191674	0.201534945	bchuang
5.9840875	-12.03426176	0.294155982	0.14797583	0.201750044	bchuang
5.98409	-12.03259229	0.319694464	0.147219894	0.2023618	bchuang
5.9840925	-12.07683568	0.258777754	0.145658137	0.201923164	bchuang
5.984095	-12.10321631	0.134262112	0.14579413	0.200892819	bchuang
5.9840975	-12.11896364	0.116905455	0.147482264	0.19909754	bchuang
5.9841	-12.02135234	0.280390837	0.150113192	0.200629787	bchuang
5.9841025	-12.012975	0.306891483	0.148574558	0.202072045	bchuang
5.984105	-12.09710893	0.19762163	0.14751412	0.199850306	bchuang
5.9841075	-12.10785557	0.247920382	0.148080945	0.199047995	bchuang
5.98411	-12.05121524	0.274383254	0.148303761	0.200903029	bchuang
5.9841125	-12.08578176	0.175842587	0.147879704	0.199983223	bchuang
5.984115	-12.02865175	0.148830475	0.150302646	0.200224766	bchuang
5.9841175	-12.08697398	0.229979981	0.150055393	0.198313124	bchuang
5.98412	-12.02139039	0.23062751	0.150834799	0.20008647	bchuang
5.9841225	-12.06430238	0.214320587	0.1508366	0.198536471	bchuang
5.984125	-12.03505223	0.315081838	0.151349032	0.199203424	bchuang
5.9841275	-12.08405227	0.232198352	0.149022852	0.199194693	bchuang
5.98413	-12.13009345	0.240330138	0.150053235	0.19676826	bchuang
5.9841325	-12.06063946	0.149194285	0.14960123	0.199600446	bchuang
5.984135	-12.03086255	0.165563888	0.153954898	0.197349517	bchuang
5.9841375	-12.08264589	0.282221663	0.151042516	0.197718331	bchuang
5.98414	-11.99997675	0.216429375	0.153757016	0.198632455	bchuang
5.9841425	-12.05486377	0.343671601	0.152226091	0.197815283	bchuang
5.984145	-12.06954943	0.277641505	0.150437867	0.198649926	bchuang
5.9841475	-12.10779907	0.143335389	0.150660442	0.197104801	bchuang
5.98415	-12.10130645	0.169370544	0.152181864	0.196167364	bchuang
5.9841525	-12.13701341	0.349937129	0.151867682	0.195121598	bchuang
5.984155	-12.17419496	0.203179838	0.148708121	0.196216589	bchuang
5.9841575	-12.08505995	0.02406486	0.153758594	0.195525634	bchuang
5.98416	-11.99662138	0.253512408	0.156711137	0.196434362	bchuang
5.9841625	-12.11023865	0.322007687	0.153200532	0.195048466	bchuang
5.984165	-12.04523661	0.228098592	0.154234572	0.196605264	bchuang
5.9841675	-12.05427333	0.273608808	0.154629862	0.195963634	bchuang
5.98417	-12.04621565	0.244033408	0.153664637	0.197015323	bchuang
5.9841725	-12.13800908	0.224731866	0.153237836	0.194011293	bchuang
5.984175	-12.01482871	0.193599898	0.154736801	0.197325082	bchuang
5.9841775	-12.08019556	0.164488341	0.155442608	0.194367986	bchuang
5.98418	-12.07451122	0.297134379	0.155491433	0.194537551	bchuang
5.9841825	-12.00656937	0.219425126	0.155701836	0.196868745	bchuang
5.984185	-12.06106835	0.112705413	0.156354977	0.194339505	bchuang
5.9841875	-12.10728092	0.262198302	0.15681484	0.192263675	bchuang
5.98419	-12.07970239	0.351171201	0.155720591	0.194163463	bchuang
5.9841925	-11.99725004	0.188747023	0.15658244	0.196513712	bchuang
5.984195	-12.12627917	0.21080158	0.156159358	0.19209836	bchuang
5.9841975	-12.10553447	0.210852715	0.155447799	0.193434629	bchuang
5.9842	-12.00986122	0.111870589	0.159073187	0.19403183	bchuang
5.9842025	-12.12507741	0.280858261	0.157999826	0.190631953	bchuang
5.984205	-12.08197564	0.226972352	0.157061974	0.19299604	bchuang
5.9842075	-12.12898872	0.18327906	0.158378568	0.190172367	bchuang
5.98421	-12.10578122	0.343214875	0.158015315	0.191333833	bchuang
5.9842125	-12.11377183	0.281956871	0.156642355	0.192165177	bchuang
5.984215	-12.10044034	0.241552101	0.157396659	0.192040466	bchuang
5.9842175	-12.06056378	0.269098502	0.157749189	0.193228217	bchuang
5.98422	-12.20262193	0.259775982	0.155117497	0.190152975	bchuang
5.9842225	-12.09577274	0.153180673	0.156865744	0.192646528	bchuang
5.984225	-12.00916371	0.147670105	0.160652651	0.192752347	bchuang
5.9842275	-12.1614946	0.248242606	0.157806568	0.189445671	bchuang
5.98423	-12.09086636	0.205969041	0.159149509	0.190946973	bchuang
5.9842325	-12.12925564	0.266374536	0.159283836	0.189404844	bchuang
5.984235	-12.09902606	0.199096646	0.158617155	0.191086178	bchuang
5.9842375	-12.05724658	0.109123518	0.161649083	0.190102784	bchuang
5.98424	-12.08178503	0.241293269	0.161867631	0.1889908	bchuang
5.9842425	-12.07481577	0.286438469	0.161469502	0.189593499	bchuang
5.984245	-12.10303917	0.266488363	0.160673068	0.189210284	bchuang
5.9842475	-12.1422504	0.299510819	0.159840754	0.188450223	bchuang
5.98425	-12.08710425	0.270296789	0.15988889	0.190468906	bchuang
5.9842525	-12.16005146	0.184262808	0.15905407	0.18845313	bchuang
5.984255	-12.10017496	0.187701699	0.160994512	0.189044395	bchuang
5.9842575	-12.05136359	0.217489422	0.162335085	0.189739883	bchuang
5.98426	-12.08491146	0.243350763	0.161923404	0.188825066	bchuang
5.9842625	-12.14646907	0.201443425	0.16066999	0.18758577	bchuang
5.984265	-12.11960747	0.161884392	0.162252535	0.18723211	bchuang
5.9842675	-12.07512016	0.260475842	0.163799684	0.187572418	bchuang
5.98427	-12.11905439	0.204523098	0.162009654	0.187463164	bchuang
5.9842725	-12.14958909	0.196282217	0.163301838	0.185180903	bchuang
5.984275	-12.11473351	0.324216276	0.163169048	0.18661869	bchuang
5.9842775	-12.10330657	0.234442526	0.162601149	0.187545832	bchuang
5.98428	-12.13460595	0.136569854	0.163081775	0.185942101	bchuang
5.9842825	-12.23447968	0.221744393	0.162439978	0.18273675	bchuang
5.984285	-12.02706915	0.264631306	0.165666701	0.187771755	bchuang
5.9842875	-12.10198657	0.179835614	0.164600274	0.18584416	bchuang
5.98429	-12.08062725	0.217930861	0.166059948	0.185362496	bchuang
5.9842925	-12.07180694	0.299850513	0.165799936	0.185934015	bchuang
5.984295	-12.11112004	0.335244946	0.164419235	0.18565597	bchuang
5.9842975	-12.14232611	0.305837388	0.162673425	0.18600765	bchuang
5.9843	-12.10710971	0.182010516	0.16330658	0.186787587	bchuang
5.9843025	-12.01620437	0.090177067	0.166435141	0.187510251	bchuang
5.984305	-12.03007526	0.067095413	0.168039621	0.185534327	bchuang
5.9843075	-12.1366269	0.228565983	0.167825457	0.181593744	bchuang
5.98431	-12.08948708	0.381078997	0.167296668	0.183904226	bchuang
5.9843125	-12.11550231	0.257015676	0.165535712	0.184493156	bchuang
5.984315	-12.09857865	0.162447382	0.166943762	0.183873499	bchuang
5.9843175	-12.07591166	0.188899383	0.168048371	0.183744912	bchuang
5.98432	-12.13398601	0.186052612	0.167466839	0.182026703	bchuang
5.9843225	-12.11124979	0.263649667	0.168624835	0.181839632	bchuang
5.984325	-12.09489673	0.274639883	0.167910478	0.183134018	bchuang
5.9843275	-12.15646321	0.223812797	0.167220063	0.181384938	bchuang
5.98433	-12.09340256	0.226543038	0.168435787	0.182709127	bchuang
5.9843325	-12.03198442	0.196654843	0.170076892	0.183593606	bchuang
5.984335	-12.17415041	0.273712171	0.167910753	0.180060145	bchuang
5.9843375	-12.13447365	0.183011673	0.167569687	0.181913149	bchuang
5.98434	-12.1541398	0.15100885	0.169599819	0.17925266	bchuang
5.9843425	-12.09562832	0.256161871	0.170281858	0.180902426	bchuang
5.984345	-12.17295144	0.177213719	0.169076653	0.179012566	bchuang
5.9843475	-12.09157326	0.263378337	0.171782328	0.179638771	bchuang
5.98435	-12.19596551	0.340957539	0.168330268	0.17882081	bchuang
5.9843525	-12.12921234	0.102307127	0.169192701	0.18061001	bchuang
5.984355	-12.1079549	0.09470032	0.172946025	0.17786606	bchuang
5.9843575	-12.19509596	0.339266296	0.170942153	0.176359911	bchuang
5.98436	-12.18628022	0.269025913	0.169606648	0.177989323	bchuang
5.9843625	-12.17959359	0.127772382	0.170840795	0.177068279	bchuang
5.984365	-12.14815414	0.168000334	0.172726313	0.176480092	bchuang
5.9843675	-12.24588254	0.268473153	0.171099477	0.174205865	bchuang
5.98437	-12.16344341	0.264969736	0.172027796	0.176555201	bchuang
5.9843725	-12.20090179	0.218510694	0.171663618	0.175428191	bchuang
5.984375	-12.12249303	0.176703065	0.17342546	0.176817951	bchuang
5.9843775	-12.13710845	0.325286794	0.174326227	0.175343261	bchuang
5.98438	-12.19463412	0.292298359	0.170487655	0.176817456	bchuang
5.9843825	-12.20627539	0.081110015	0.172092619	0.174794406	bchuang
5.984385	-12.14245936	0.237222741	0.174782461	0.174673143	bchuang
5.9843875	-12.1346998	0.289814602	0.173732669	0.176027748	bchuang
5.98439	-12.11274036	0.196950404	0.174572601	0.176077509	bchuang
5.9843925	-12.18144498	0.170311118	0.173793978	0.174096534	bchuang
5.984395	-12.20690849	0.236179025	0.174189637	0.172679338	bchuang
5.9843975	-12.21070345	0.259996656	0.173442314	0.173278391	bchuang
5.9844	-12.10338893	0.156997369	0.176051029	0.174978397	bchuang
5.9844025	-12.16926857	0.293271636	0.176025028	0.172334099	bchuang
5.984405	-12.21066209	0.29508392	0.173025904	0.173695843	bchuang
5.9844075	-12.29376367	0.104569066	0.172636235	0.17077972	bchuang
5.98441	-12.21494767	0.276654775	0.17568499	0.1708324	bchuang
5.9844125	-12.07113805	0.350346459	0.176566223	0.175769749	bchuang
5.984415	-12.29490958	0.044868739	0.172148493	0.171225937	bchuang
5.9844175	-12.15610181	0.087444472	0.178728537	0.170071221	bchuang
5.98442	-12.27811631	0.346370521	0.175513596	0.168454162	bchuang
5.9844225	-12.19750407	0.261139136	0.176027355	0.17118694	bchuang
5.984425	-12.19093422	0.232417785	0.177041473	0.170405955	bchuang
5.9844275	-12.20748872	0.326974149	0.17612571	0.170680639	bchuang
5.98443	-12.20238429	0.223382787	0.175316742	0.17171758	bchuang
5.9844325	-12.21580984	0.044975262	0.176427238	0.170030686	bchuang
5.984435	-12.17033589	0.216961033	0.179805078	0.168342135	bchuang
5.9844375	-12.24184014	0.286465325	0.176487047	0.168909915	bchuang
5.98444	-12.1811027	0.162762057	0.178868985	0.168892291	bchuang
5.9844425	-12.28122354	0.295398359	0.177275209	0.16647222	bchuang
5.984445	-12.20498313	0.188958004	0.177495642	0.169358074	bchuang
5.9844475	-12.22504492	0.143810906	0.179523841	0.166375072	bchuang
5.98445	-12.31581514	0.24636417	0.177170371	0.16516956	bchuang
5.9844525	-12.22965905	0.160397934	0.17946394	0.166248464	bchuang
5.984455	-12.27716613	0.263217946	0.179568743	0.164164074	bchuang
5.9844575	-12.23406049	0.279742123	0.179097681	0.166460978	bchuang
5.98446	-12.19895779	0.212008516	0.180614052	0.166279839	bchuang
5.9844625	-12.2177479	0.195197608	0.18010374	0.166050781	bchuang
5.984465	-12.24575853	0.030215565	0.180613912	0.164325993	bchuang
5.9844675	-12.22630163	0.205982109	0.183884532	0.16148876	bchuang
5.98447	-12.29473535	0.310301407	0.180362841	0.162557793	bchuang
5.9844725	-12.33021101	0.11190996	0.180596329	0.16081397	bchuang
5.984475	-12.326048	0.211113209	0.182142393	0.159236919	bchuang
5.9844775	-12.34005218	0.256654465	0.181052375	0.159886982	bchuang
5.98448	-12.32860551	0.306080457	0.181940992	0.159358916	bchuang
5.9844825	-12.2896632	0.270796422	0.181071493	0.161980862	bchuang
5.984485	-12.31058614	0.204590245	0.1819197	0.160144402	bchuang
5.9844875	-12.29749728	0.211024862	0.181690213	0.160956439	bchuang
5.98449	-12.32845761	0.125413112	0.182204509	0.159063817	bchuang
5.9844925	-12.37913291	0.202979647	0.182146159	0.156983835	bchuang
5.984495	-12.40493075	0.269933144	0.181397148	0.15676024	bchuang
5.9844975	-12.313135	0.213495604	0.183155245	0.158621242	bchuang
5.9845	-12.44211368	0.230582067	0.181223061	0.155392686	bchuang
5.9845025	-12.30757216	0.254700396	0.183583811	0.158362783	bchuang
5.984505	-12.38752638	0.21032	0.182254309	0.156501992	bchuang
5.9845075	-12.32199554	0.122638974	0.183943138	0.157327087	bchuang
5.98451	-12.42776683	0.16657506	0.183564478	0.153236221	bchuang
5.9845125	-12.4766232	0.278360552	0.182090331	0.152907657	bchuang
5.984515	-12.40468674	0.221698489	0.183539536	0.154256821	bchuang
5.9845175	-12.39575953	0.157354454	0.184247663	0.153795339	bchuang
5.98452	-12.34032586	0.20067693	0.186462006	0.153531929	bchuang
5.9845225	-12.47618309	0.219564769	0.183351406	0.151412127	bchuang
5.984525	-12.43701544	0.159251321	0.184880452	0.151244312	bchuang
5.9845275	-12.52922544	0.172773006	0.183711891	0.148683966	bchuang
5.98453	-12.52648597	0.242258837	0.184232771	0.148157051	bchuang
5.9845325	-12.58014258	0.266369513	0.182736864	0.147692823	bchuang
5.984535	-12.52898783	0.159567656	0.183882372	0.148483366	bchuang
5.9845375	-12.53100858	0.107391235	0.185225675	0.146715713	bchuang
5.98454	-12.56931862	0.308744243	0.18531701	0.144918249	bchuang
5.9845425	-12.62995089	0.254024179	0.182151244	0.146278254	bchuang
5.984545	-12.61643047	0.031285817	0.184222849	0.144251575	bchuang
5.9845475	-12.640509	0.171317509	0.18539225	0.141681324	bchuang
5.98455	-12.62682291	0.304676558	0.185225449	0.14250354	bchuang
5.9845525	-12.58379763	0.232422169	0.185711365	0.143773358	bchuang
5.984555	-12.74307887	0.210901227	0.183009874	0.140287213	bchuang
5.9845575	-12.70621317	0.205882867	0.183698437	0.141001025	bchuang
5.98456	-12.8098063	0.240142795	0.182261853	0.138358216	bchuang
5.9845625	-12.7967603	0.108141016	0.181919322	0.139374567	bchuang
5.984565	-12.83211956	0.150663038	0.183916655	0.135161772	bchuang
5.9845675	-12.80760925	0.264382478	0.183188323	0.137225776	bchuang
5.98457	-12.91115919	0.112681243	0.18201132	0.134262456	bchuang
5.9845725	-12.83062854	0.216635354	0.184740579	0.134100139	bchuang
5.984575	-12.96494952	0.194813997	0.181354798	0.132797925	bchuang
5.9845775	-13.01715751	0.113428219	0.18159058	0.130176699	bchuang
5.98458	-13.05297359	0.110705595	0.181471752	0.128759896	bchuang
5.9845825	-13.07602377	0.184005675	0.182315401	0.126531095	bchuang
5.984585	-13.09445168	0.133044934	0.18151598	0.126855991	bchuang
5.9845875	-13.16960642	0.187858988	0.181946358	0.122860369	bchuang
5.98459	-13.26052549	0.339658814	0.178908221	0.12325762	bchuang
5.9845925	-13.32932236	0.25879906	0.177400112	0.12242539	bchuang
5.984595	-13.37568642	0.194208754	0.176409944	0.121839915	bchuang
5.9845975	-13.54262475	0.080119899	0.173809841	0.118415522	bchuang
5.9846	-13.49313466	0.170065636	0.17625157	0.116937637	bchuang
5.9846025	-13.55241076	0.211453046	0.174633448	0.116771995	bchuang
5.984605	-13.60810425	0.203369179	0.174403859	0.114688692	bchuang
5.9846075	-13.78864187	0.215443502	0.170511782	0.112791122	bchuang
5.98461	-13.95059525	0.174334568	0.168061191	0.109643149	bchuang
5.9846125	-14.12492032	0.264915046	0.164920697	0.107159129	bchuang
5.984615	-14.34792781	0.386767274	0.160353101	0.105036383	bchuang
5.9846175	-14.58499349	0.467375359	0.154833646	0.104020406	bchuang
5.98462	-14.7157074	0.44023921	0.151214244	0.104385523	bchuang
5.9846225	-14.77222199	0.458796725	0.149330993	0.105004005	bchuang
5.984625	-14.93501503	0.560921407	0.145028408	0.105196377	bchuang
5.9846275	-15.21518167	0.642881932	0.138362902	0.104641484	bchuang
5.98463	-15.36906345	0.657810634	0.133450351	0.106007044	bchuang
5.9846325	-15.59311368	0.564080971	0.127787517	0.10609592	bchuang
5.984635	-15.50208149	0.705595053	0.127687013	0.108932784	bchuang
5.9846375	-15.53234332	1	0.123104204	0.113225747	bchuang
5.98464	-15.4591589	0.815311722	0.118760259	0.119775296	bchuang
5.9846425	-15.58793045	0.556342802	0.115008689	0.119966405	bchuang
5.984645	-15.6245458	0.596304882	0.112439189	0.121426888	bchuang
5.9846475	-15.48689795	0.664079626	0.111585411	0.125768361	bchuang
5.98465	-15.28454644	0.794242553	0.110984035	0.131528843	bchuang
5.9846525	-15.06465914	0.672913265	0.108941523	0.138878359	bchuang
5.984655	-14.89961694	0.448301982	0.109413675	0.142796596	bchuang
5.9846575	-14.82777028	0.538754024	0.108761167	0.145165628	bchuang
5.98466	-14.7197819	0.378867463	0.106950302	0.14930525	bchuang
5.9846625	-14.62105577	0.238982468	0.109216592	0.150258845	bchuang
5.984665	-14.36543758	0.406488274	0.111563983	0.155407156	bchuang
5.9846675	-14.23020103	0.467596812	0.111469001	0.159154432	bchuang
5.98467	-14.03569092	0.251697978	0.111921666	0.16419022	bchuang
5.9846725	-13.91128345	0.079537042	0.115575385	0.165150397	bchuang
5.984675	-13.73463124	0.247173801	0.119028965	0.167783341	bchuang
5.9846775	-13.47895414	0.210015524	0.121494991	0.173563574	bchuang
5.98468	-13.46905432	0.171564675	0.123457542	0.172470333	bchuang
5.9846825	-13.50282413	0.296324453	0.122629583	0.172050304	bchuang
5.984685	-13.25518686	0.136850416	0.125591765	0.177441142	bchuang
5.9846875	-13.13899662	0.129936192	0.130082239	0.177816406	bchuang
5.98469	-13.00453195	0.185456125	0.131654305	0.180924279	bchuang
5.9846925	-12.98614791	0.090827877	0.133649138	0.180046503	bchuang
5.984695	-12.96632328	0.132218013	0.135387049	0.179385672	bchuang
5.9846975	-12.75251052	0.047897011	0.139661732	0.183173047	bchuang
5.9847	-12.83491466	0.152730348	0.141463138	0.179021519	bchuang
5.9847025	-12.7456563	0.218248836	0.141706378	0.181826486	bchuang
5.984705	-12.71941	0.162608163	0.143960297	0.180939579	bchuang
5.9847075	-12.73754347	0.225254514	0.143561317	0.180640751	bchuang
5.98471	-12.6195163	0.248755071	0.146092443	0.182660032	bchuang
5.9847125	-12.59637813	0.251171144	0.145904038	0.183608137	bchuang
5.984715	-12.56549402	0.070196456	0.146945109	0.183846642	bchuang
5.9847175	-12.5783177	0.133360854	0.149812129	0.181067555	bchuang
5.98472	-12.63189462	0.217568859	0.148139024	0.180573564	bchuang
5.9847225	-12.44469807	0.167026146	0.152759967	0.183355323	bchuang
5.984725	-12.47707892	0.102828469	0.152453187	0.182454745	bchuang
5.9847275	-12.53342595	0.152332104	0.15411478	0.179029652	bchuang
5.98473	-12.41311344	0.268267686	0.155526849	0.182159002	bchuang
5.9847325	-12.44483745	0.156667623	0.155293576	0.181209435	bchuang
5.984735	-12.37103921	0.159825695	0.15813341	0.181446497	bchuang
5.9847375	-12.38814079	0.205260898	0.15809203	0.180854231	bchuang
5.98474	-12.32869662	0.108437563	0.159774203	0.181573031	bchuang
5.9847425	-12.29383815	0.081580548	0.162633442	0.180328408	bchuang
5.984745	-12.26570605	0.172697078	0.164290065	0.179888742	bchuang
5.9847475	-12.2612351	0.225634481	0.164756353	0.179632016	bchuang
5.98475	-12.21402822	0.150247184	0.165724432	0.180546535	bchuang
5.9847525	-12.23414303	0	0.167220025	0.178385996	bchuang
5.984755	-12.19849137	0.288887069	0.170936878	0.176231317	bchuang
5.9847575	-12.2472456	0.382211803	0.166164443	0.178866941	bchuang
5.98476	-12.18456764	0.079967397	0.168571203	0.17903688	bchuang
5.9847625	-12.21748861	0.221136888	0.170055096	0.176337932	bchuang
5.984765	-12.18406898	0.2466748	0.169119105	0.178538866	bchuang
5.9847675	-12.167817	0.114526028	0.17106206	0.177318668	bchuang
5.98477	-12.14738133	0.215288175	0.172475317	0.176756101	bchuang
5.9847725	-12.22908614	0.184968549	0.170502733	0.175449625	bchuang
5.984775	-12.24223567	0.13150036	0.171825288	0.173634307	bchuang
5.9847775	-12.20096321	0.284387719	0.173320551	0.173788903	bchuang
5.98478	-12.16722676	0.328654101	0.172613104	0.175832607	bchuang
5.9847825	-12.18365875	0.14444804	0.172107593	0.175676089	bchuang
5.984785	-12.12872587	0.072236191	0.175401822	0.174605864	bchuang
5.9847875	-12.15928947	0.211558524	0.175996906	0.172767299	bchuang
5.98479	-12.08063305	0.230100708	0.177089236	0.174855602	bchuang
5.9847925	-12.15082081	0.115567563	0.176516938	0.172580246	bchuang
5.984795	-12.08295259	0.140044028	0.179595122	0.172184787	bchuang
5.9847975	-12.03122976	0.367781845	0.181051151	0.172812402	bchuang
5.9848	-12.1879021	0.288456065	0.175168711	0.172452796	bchuang
5.9848025	-12.07799852	0.085445786	0.179311565	0.172684754	bchuang
5.984805	-12.08974615	0.104346631	0.180279521	0.171185709	bchuang
5.9848075	-12.0863729	0.193444533	0.181869201	0.169637466	bchuang
5.98481	-12.1541786	0.309569168	0.179977083	0.168829264	bchuang
5.9848125	-12.09068706	0.245125076	0.180622604	0.17078448	bchuang
5.984815	-12.08144084	0.264203442	0.181550252	0.170185387	bchuang
5.9848175	-12.12440064	0.183804888	0.179622372	0.170440148	bchuang
5.98482	-12.12309443	0.141555364	0.181888017	0.168075084	bchuang
5.9848225	-12.03308674	0.160074065	0.183546265	0.170081258	bchuang
5.984825	-11.98517418	0.170029043	0.186460572	0.168949555	bchuang
5.9848275	-12.07889754	0.212901253	0.184041913	0.167595967	bchuang
5.98483	-12.09530535	0.249618471	0.184764402	0.166097276	bchuang
5.9848325	-12.02689795	0.325824902	0.185122116	0.168629659	bchuang
5.984835	-12.02980902	0.196243127	0.184717228	0.168948773	bchuang
5.9848375	-12.03783881	0.144285134	0.185857849	0.167347684	bchuang
5.98484	-12.09473525	0.212082762	0.185263126	0.165565294	bchuang
5.9848425	-12.06080617	0.171555462	0.186035552	0.166160318	bchuang
5.984845	-12.05270632	0.205287509	0.187570421	0.164778531	bchuang
5.9848475	-11.9635738	0.202119159	0.188928763	0.167131967	bchuang
5.98485	-12.07156267	0.205645365	0.188002875	0.163460963	bchuang
5.9848525	-12.02218448	0.249749035	0.188440984	0.165118891	bchuang
5.984855	-12.01259186	0.201236855	0.18925693	0.16460521	bchuang
5.9848575	-12.06248006	0.280159624	0.188423643	0.163373905	bchuang
5.98486	-12.07369814	0.215755368	0.187351343	0.164114386	bchuang
5.9848625	-12.07569452	0.217985962	0.188724369	0.162445868	bchuang
5.984865	-12.01318666	0.269517207	0.189215271	0.16462693	bchuang
5.9848675	-11.9597663	0.236324659	0.190872038	0.165078296	bchuang
5.98487	-12.13126498	0.232887012	0.186875668	0.162156376	bchuang
5.9848725	-11.96890705	0.177189414	0.19095257	0.164578857	bchuang
5.984875	-12.0675713	0.206914969	0.189532913	0.16186077	bchuang
5.9848775	-12.082616	0.158906857	0.189212213	0.161572104	bchuang
5.98488	-12.02323022	0.1974952	0.192105859	0.160793277	bchuang
5.9848825	-12.08833185	0.282182812	0.18999406	0.16039838	bchuang
5.984885	-12.04513995	0.146035071	0.191017743	0.161107245	bchuang
5.9848875	-12.05907505	0.1900537	0.192447458	0.158767942	bchuang
5.98489	-11.95286388	0.286215456	0.194105183	0.161578004	bchuang
5.9848925	-12.073489	0.212870632	0.191460075	0.159311281	bchuang
5.984895	-12.10769011	0.239493026	0.191297721	0.157973408	bchuang
5.9848975	-12.01098071	0.235304218	0.192999255	0.160273804	bchuang
5.9849	-12.00609445	0.117693089	0.193778269	0.159553242	bchuang
5.9849025	-11.98240264	0.13927795	0.195943335	0.157981401	bchuang
5.984905	-12.0015468	0.25727238	0.195795027	0.157281829	bchuang
5.9849075	-12.03137437	0.29369197	0.194685086	0.157287244	bchuang
5.98491	-11.97686551	0.211775968	0.195555606	0.158715915	bchuang
5.9849125	-11.98782642	0.242151815	0.19630195	0.15728442	bchuang
5.984915	-11.99211115	0.26375802	0.195320391	0.158304755	bchuang
5.9849175	-12.00896515	0.171494982	0.195555348	0.157237801	bchuang
5.98492	-12.02413365	0.143901874	0.195937485	0.156059563	bchuang
5.9849225	-11.95677342	0.20538942	0.198551561	0.155897909	bchuang
5.984925	-12.04770034	0.199478324	0.196144637	0.154705531	bchuang
5.9849275	-12.02858039	0.33906827	0.197750737	0.15354647	bchuang
5.98493	-12.03844744	0.312957891	0.194784892	0.156838988	bchuang
5.9849325	-12.00973577	0.120645807	0.197071731	0.155297075	bchuang
5.984935	-11.98491673	0.255269401	0.19820275	0.155019095	bchuang
5.9849375	-12.05736975	0.306438477	0.195874295	0.154599447	bchuang
5.98494	-11.98110198	0.195325569	0.197285733	0.156362492	bchuang
5.9849425	-12.11329318	0.241565541	0.195515882	0.152461788	bchuang
5.984945	-11.94562857	0.287209762	0.198210047	0.15685472	bchuang
5.9849475	-12.02561995	0.181081049	0.196832867	0.154859412	bchuang
5.98495	-11.99588479	0.199849696	0.198223123	0.154476999	bchuang
5.9849525	-12.00696472	0.182013172	0.1980867	0.154130753	bchuang
5.984955	-11.94043576	0.2440788	0.200629605	0.15399619	bchuang
5.9849575	-11.9900598	0.20246011	0.198544631	0.154338407	bchuang
5.98496	-12.02342432	0.175556095	0.199494307	0.15152015	bchuang
5.9849625	-12.0994209	0.222038594	0.197283156	0.150821348	bchuang
5.984965	-12.08025641	0.151853203	0.198630528	0.149954538	bchuang
5.9849675	-11.9892477	0.259783054	0.201423237	0.150601529	bchuang
5.98497	-12.01702101	0.273682581	0.199889176	0.151305152	bchuang
5.9849725	-12.04368498	0.266812312	0.199742582	0.150223656	bchuang
5.984975	-12.02439112	0.221665767	0.199408685	0.151586747	bchuang
5.9849775	-11.99223843	0.188983249	0.201374338	0.150522337	bchuang
5.98498	-11.9993227	0.166570085	0.200980334	0.150706604	bchuang
5.9849825	-11.95213157	0.211471668	0.203668141	0.149379778	bchuang
5.984985	-11.99654569	0.356451165	0.201658303	0.149932881	bchuang
5.9849875	-12.04983949	0.278612579	0.199603977	0.150113428	bchuang
5.98499	-12.0240996	0.068627102	0.200515916	0.15013309	bchuang
5.9849925	-12.08196631	0.114467906	0.20180668	0.145568307	bchuang
5.984995	-11.95682134	0.366006255	0.204297693	0.148285635	bchuang
5.9849975	-12.02766713	0.276807589	0.20114301	0.149119229	bchuang
5.985	-12.02822195	0.120703075	0.202159082	0.147711718	bchuang
5.9850025	-11.95588463	0.209508157	0.204918818	0.147472713	bchuang
5.985005	-12.02394656	0.217768289	0.20289217	0.146913429	bchuang
5.9850075	-11.9997301	0.194666707	0.204382357	0.146039406	bchuang
5.98501	-12.07436463	0.30397478	0.202582692	0.144861281	bchuang
5.9850125	-12.00506328	0.258032571	0.203351831	0.147208184	bchuang
5.985015	-12.03109042	0.150508795	0.203437063	0.145804722	bchuang
5.9850175	-11.990311	0.260330965	0.205284162	0.145241418	bchuang
5.98502	-11.94984629	0.236444476	0.205152124	0.14744902	bchuang
5.9850225	-12.02959611	0.172822414	0.204547456	0.14431754	bchuang
5.985025	-11.9416359	0.355493382	0.206573859	0.145865114	bchuang
5.9850275	-12.01697453	0.213861752	0.203112484	0.146952111	bchuang
5.98503	-12.03017442	0.177192603	0.205028496	0.143604268	bchuang
5.9850325	-11.98178458	0.324348567	0.205093789	0.145936518	bchuang
5.985035	-12.02080344	0.230718036	0.204030117	0.145485152	bchuang
5.9850375	-11.96126142	0.23639251	0.205863524	0.145881008	bchuang
5.98504	-11.98466707	0.149885538	0.205073209	0.14582136	bchuang
5.9850425	-12.00432609	0.138270754	0.206416925	0.142915946	bchuang
5.985045	-11.96429477	0.328772977	0.207322387	0.143645529	bchuang
5.9850475	-11.92229996	0.222114766	0.207079686	0.146125798	bchuang
5.98505	-11.94084983	0.097402119	0.208299842	0.143429921	bchuang
5.9850525	-11.93457732	0.320872757	0.209199345	0.142439622	bchuang
5.985055	-12.04800985	0.289406765	0.204598925	0.143322547	bchuang
5.9850575	-12.07009361	0.208972591	0.205319253	0.141172127	bchuang
5.98506	-12.01977015	0.256984365	0.205890039	0.142893148	bchuang
5.9850625	-12.00258886	0.178597541	0.20678386	0.142473046	bchuang
5.985065	-12.01452969	0.049503593	0.207112939	0.141383258	bchuang
5.9850675	-12.0857872	0.171935098	0.207872904	0.13656674	bchuang
5.98507	-11.94403941	0.347990153	0.209999771	0.140762584	bchuang
5.9850725	-12.05534507	0.258447671	0.207074972	0.139343894	bchuang
5.985075	-11.93947968	0.315859543	0.209951235	0.141073128	bchuang
5.9850775	-12.06720104	0.235558135	0.205744125	0.140699273	bchuang
5.98508	-11.94580819	0.245119181	0.209997065	0.140674149	bchuang
5.9850825	-12.02409883	0.238891174	0.206817278	0.141326579	bchuang
5.985085	-12.02342416	0.143590775	0.208274048	0.139205809	bchuang
5.9850875	-12.02620245	0.142956412	0.208393421	0.13888263	bchuang
5.98509	-11.99978979	0.285617954	0.210457449	0.137136613	bchuang
5.9850925	-12.00988863	0.276777572	0.208207456	0.140006743	bchuang
5.985095	-12.04239284	0.14393501	0.208995569	0.137126532	bchuang
5.9850975	-12.01817158	0.288531594	0.209613424	0.13745725	bchuang
5.9851	-12.03037663	0.224028507	0.208670067	0.13824889	bchuang
5.9851025	-12.01686114	0.204195289	0.210014067	0.136913612	bchuang
5.985105	-12.08231204	0.298705687	0.20809545	0.136409029	bchuang
5.9851075	-12.04745912	0.223862484	0.208509571	0.137599946	bchuang
5.98511	-12.03828916	0.130469048	0.209523341	0.136535238	bchuang
5.9851125	-11.99012097	0.206953454	0.21168203	0.135757658	bchuang
5.985115	-12.09358959	0.293528428	0.208813182	0.134713158	bchuang
5.9851175	-12.01710452	0.272953825	0.210343893	0.136393438	bchuang
5.98512	-11.94454846	0.219352308	0.212051503	0.137625135	bchuang
5.9851225	-12.05017361	0.115233416	0.209979424	0.135202189	bchuang
5.985125	-11.97624341	0.219191838	0.213279021	0.133992101	bchuang
5.9851275	-11.99670329	0.283323117	0.211713796	0.135354781	bchuang
5.98513	-12.0196003	0.181177012	0.21169752	0.134148338	bchuang
5.9851325	-12.03988023	0.306007845	0.211660334	0.133112346	bchuang
5.985135	-12.03183513	0.384086473	0.210537865	0.135309726	bchuang
5.9851375	-12.02135188	0.167252928	0.210079761	0.136575191	bchuang
5.98514	-12.14875124	0.134803057	0.208914002	0.131628866	bchuang
5.9851425	-12.00738845	0.226671213	0.212122328	0.134136505	bchuang
5.985145	-12.03450434	0.219317183	0.211999073	0.132863927	bchuang
5.9851475	-11.99477491	0.171065516	0.21286098	0.133648401	bchuang
5.98515	-12.01312018	0.238948834	0.213654248	0.13136693	bchuang
5.9851525	-11.97682013	0.2932698	0.21343999	0.13370404	bchuang
5.985155	-12.04440548	0.208098805	0.212230576	0.13195479	bchuang
5.9851575	-12.05704327	0.200068032	0.212065928	0.131531183	bchuang
5.98516	-12.02029478	0.2749236	0.213524913	0.131181876	bchuang
5.9851625	-12.07036875	0.184537348	0.211352035	0.131954345	bchuang
5.985165	-12.02066958	0.129160306	0.214437566	0.129663733	bchuang
5.9851675	-11.99980654	0.230470545	0.214814507	0.130204733	bchuang
5.98517	-12.00405504	0.258599938	0.21510435	0.129487326	bchuang
5.9851725	-12.03293807	0.276776573	0.213848212	0.129953652	bchuang
5.985175	-11.99595109	0.206075061	0.21489464	0.13028768	bchuang
5.9851775	-11.95068945	0.181213277	0.216494455	0.130178216	bchuang
5.98518	-11.97072136	0.327710333	0.216485545	0.129060258	bchuang
5.9851825	-12.0058995	0.329994404	0.213975254	0.131242803	bchuang
5.985185	-12.0223336	0.249588163	0.214031857	0.130240015	bchuang
5.9851875	-12.06772959	0.15412348	0.212438682	0.130342534	bchuang
5.98519	-12.01037312	0.129986504	0.215676742	0.128174698	bchuang
5.9851925	-12.03239282	0.271870922	0.215002971	0.128064805	bchuang
5.985195	-12.11049378	0.232779452	0.212872885	0.127262831	bchuang
5.9851975	-12.00242884	0.236223524	0.215966591	0.128136212	bchuang
5.9852	-12.01898504	0.236572068	0.215299256	0.12832282	bchuang
5.9852025	-12.0537403	0.196374822	0.214859813	0.127102514	bchuang
5.985205	-12.07356398	0.227254878	0.214681074	0.126285431	bchuang
5.9852075	-11.9626607	0.22314779	0.217423604	0.127935638	bchuang
5.98521	-12.0459658	0.168067087	0.215716562	0.126086536	bchuang
5.9852125	-12.00584482	0.294087917	0.217469031	0.125371833	bchuang
5.985215	-12.01007164	0.300346899	0.215964091	0.127707053	bchuang
5.9852175	-12.08569189	0.150054159	0.214758401	0.125466353	bchuang
5.98522	-11.9818124	0.165365914	0.218050488	0.12575575	bchuang
5.9852225	-12.0565867	0.289952954	0.216627534	0.123901044	bchuang
5.985225	-11.92145865	0.285253176	0.218983512	0.127645646	bchuang
5.9852275	-11.95657961	0.223263552	0.218620575	0.126232992	bchuang
5.98523	-12.01699252	0.175566298	0.216937613	0.125647985	bchuang
5.9852325	-12.06559003	0.215464747	0.216892077	0.122913821	bchuang
5.985235	-12.11637282	0.233163321	0.214920289	0.12343724	bchuang
5.9852375	-12.0085728	0.239086095	0.218527674	0.123357061	bchuang
5.98524	-12.09041973	0.204283975	0.215689609	0.123586649	bchuang
5.9852425	-12.11009222	0.256475519	0.216580708	0.120868433	bchuang
5.985245	-12.0723187	0.36495848	0.21602703	0.124040665	bchuang
5.9852475	-11.99267759	0.123837285	0.217925086	0.125342984	bchuang
5.98525	-12.0221822	0.186267226	0.218978356	0.12174878	bchuang
5.9852525	-12.02023876	0.31610434	0.218088745	0.123449108	bchuang
5.985255	-12.02623682	0.175517233	0.217954914	0.12333435	bchuang
5.9852575	-12.04666441	0.124061839	0.21841219	0.121315799	bchuang
5.98526	-12.01055925	0.237599469	0.220029758	0.120538036	bchuang
5.9852625	-12.08773606	0.289210452	0.21752478	0.120485829	bchuang
5.985265	-12.04681249	0.270072749	0.218566384	0.121028986	bchuang
5.9852675	-12.05688333	0.202068873	0.218006093	0.121441535	bchuang
5.98527	-12.00053421	0.183284865	0.220354654	0.120547917	bchuang
5.9852725	-12.05306034	0.247785583	0.218972045	0.119919931	bchuang
5.985275	-12.00386886	0.205110395	0.220276766	0.120489409	bchuang
5.9852775	-12.04188197	0.259130762	0.219826352	0.119023353	bchuang
5.98528	-12.06353808	0.298796434	0.218624682	0.119927481	bchuang
5.9852825	-11.99667636	0.184583322	0.220299893	0.120880093	bchuang
5.985285	-11.96202762	0.188413753	0.222046217	0.119771891	bchuang
5.9852875	-12.03530459	0.190883927	0.220116418	0.118885067	bchuang
5.98529	-12.05180356	0.202117027	0.220513023	0.117139203	bchuang
5.9852925	-12.02887867	0.255139273	0.220885482	0.117843842	bchuang
5.985295	-12.03403372	0.249054725	0.220875366	0.117546953	bchuang
5.9852975	-11.98883308	0.322450448	0.221896124	0.118407306	bchuang
5.9853	-12.05157889	0.195058045	0.219457556	0.119118398	bchuang
5.9853025	-11.95392513	0.10109832	0.22348746	0.117567188	bchuang
5.985305	-12.05557437	0.289434217	0.221270451	0.115468017	bchuang
5.9853075	-12.08813311	0.225194295	0.219530386	0.116767383	bchuang
5.98531	-12.00146753	0.117574618	0.222949875	0.115619075	bchuang
5.9853125	-12.01169315	0.257933458	0.22315485	0.114577458	bchuang
5.985315	-11.99866885	0.330817897	0.222897886	0.11589482	bchuang
5.9853175	-11.96836927	0.257010224	0.223207582	0.117197819	bchuang
5.98532	-11.93836523	0.115929851	0.224337799	0.116919292	bchuang
5.9853225	-12.0114095	0.195778248	0.22379174	0.113346584	bchuang
5.985325	-12.02733526	0.280969067	0.222721629	0.114433046	bchuang
5.9853275	-11.98863427	0.244341467	0.223966019	0.114456533	bchuang
5.98533	-11.99828974	0.306289367	0.223517857	0.114718587	bchuang
5.9853325	-11.95933303	0.169893776	0.2239796	0.116286162	bchuang
5.985335	-12.08078312	0.212979058	0.222384408	0.111705479	bchuang
5.9853375	-11.96757266	0.281834434	0.224220323	0.115299001	bchuang
5.98534	-12.00772097	0.179960526	0.223842329	0.113482479	bchuang
5.9853425	-12.06435295	0.256211107	0.222593315	0.11233834	bchuang
5.985345	-12.09682611	0.362481414	0.221458976	0.112518888	bchuang
5.9853475	-11.97274065	0.166719266	0.223498013	0.1163686	bchuang
5.98535	-12.02137091	0.197515854	0.224408549	0.111475632	bchuang
5.9853525	-12.07653195	0.283846426	0.221487035	0.113741312	bchuang
5.985355	-12.09013148	0.133415118	0.222201273	0.111473599	bchuang
5.9853575	-12.00660343	0.277275637	0.224719641	0.111807662	bchuang
5.98536	-11.99986153	0.269312098	0.224159381	0.113359245	bchuang
5.9853625	-11.96479857	0.191152776	0.22554129	0.11287319	bchuang
5.985365	-11.99916963	0.242380341	0.224890912	0.111945867	bchuang
5.9853675	-12.08678941	0.230350751	0.222468607	0.111153334	bchuang
5.98537	-11.93133631	0.207720111	0.226878019	0.112372573	bchuang
5.9853725	-11.9804529	0.208454361	0.225712747	0.111508373	bchuang
5.985375	-12.03585402	0.202324028	0.224652519	0.110037382	bchuang
5.9853775	-12.02626268	0.267729934	0.225087829	0.109776146	bchuang
5.98538	-12.03061284	0.218168669	0.224550229	0.110588153	bchuang
5.9853825	-12.02603125	0.107401087	0.22545917	0.109026775	bchuang
5.985385	-12.04546493	0.275628154	0.225863741	0.106884148	bchuang
5.9853875	-12.02678542	0.214422329	0.225108063	0.109700248	bchuang
5.98539	-11.99477188	0.215761941	0.22758787	0.106655978	bchuang
5.9853925	-12.07343322	0.314850139	0.224294389	0.108304516	bchuang
5.985395	-12.11587907	0.281994755	0.223654259	0.106832762	bchuang
5.9853975	-12.07574361	0.301751199	0.22382849	0.109113033	bchuang
5.9854	-12.04466187	0.125594993	0.224853095	0.109047158	bchuang
5.9854025	-12.03802108	0.14286713	0.226272654	0.106519709	bchuang
5.985405	-12.10894769	0.246657081	0.22444501	0.105626854	bchuang
5.9854075	-12.06433823	0.272575031	0.225607298	0.106156696	bchuang
5.98541	-12.06950523	0.167952445	0.225179956	0.106714405	bchuang
5.9854125	-12.01431168	0.198639696	0.227852457	0.104744497	bchuang
5.985415	-12.03648743	0.372144801	0.226623813	0.105874931	bchuang
5.9854175	-12.00775754	0.315654315	0.226563432	0.107945089	bchuang
5.98542	-11.98272239	0.170221817	0.227228838	0.108232641	bchuang
5.9854225	-11.98552561	0.178733565	0.228072288	0.106251612	bchuang
5.985425	-11.98886423	0.156131012	0.227895552	0.106401802	bchuang
5.9854275	-12.01256924	0.184475349	0.22843371	0.103592608	bchuang
5.98543	-12.04997505	0.312581951	0.227039663	0.10405207	bchuang
5.9854325	-12.05173596	0.282907393	0.226665009	0.104745073	bchuang
5.985435	-12.08532368	0.187251744	0.225718098	0.104496706	bchuang
5.9854375	-12.04453089	0.189060099	0.227557354	0.103294391	bchuang
5.98544	-12.00221228	0.243843811	0.228576163	0.104002595	bchuang
5.9854425	-11.98373984	0.268659801	0.229206788	0.10390697	bchuang
5.985445	-12.02142905	0.206752748	0.227836018	0.104287689	bchuang
5.9854475	-12.00807933	0.181957672	0.229040156	0.102562524	bchuang
5.98545	-12.04082816	0.302996975	0.228086848	0.102380363	bchuang
5.9854525	-12.04268829	0.231643178	0.227505475	0.103536668	bchuang
5.985455	-12.08137642	0.266517734	0.227212219	0.101484412	bchuang
5.9854575	-11.96114132	0.304121873	0.229439719	0.104977307	bchuang
5.98546	-12.04061227	0.160076176	0.227645456	0.103373122	bchuang
5.9854625	-12.06336785	0.210113432	0.22775908	0.101526306	bchuang
5.985465	-11.99056006	0.347356361	0.229399056	0.103000502	bchuang
5.9854675	-12.05731501	0.19222308	0.226788109	0.104094511	bchuang
5.98547	-11.98327665	0.108398172	0.230227868	0.10165773	bchuang
5.9854725	-12.03888654	0.162746749	0.228860383	0.100778098	bchuang
5.985475	-11.95438435	0.227842192	0.231951945	0.09980101	bchuang
5.9854775	-12.00780038	0.3390959	0.229909602	0.100618512	bchuang
5.98548	-12.0791633	0.2284607	0.227641494	0.100674688	bchuang
5.9854825	-12.02352495	0.134400151	0.229713991	0.099931791	bchuang
5.985485	-12.06241424	0.194154732	0.229336391	0.097980938	bchuang
5.9854875	-12.02136616	0.236374273	0.230366894	0.09857574	bchuang
5.98549	-12.07626218	0.335534906	0.22910006	0.097522336	bchuang
5.9854925	-12.05170627	0.243777885	0.228602598	0.10044817	bchuang
5.985495	-12.00376125	0.127104505	0.231069489	0.098224257	bchuang
5.9854975	-12.06722035	0.232284687	0.229521272	0.097193825	bchuang
5.9855	-11.99755972	0.198444101	0.231408563	0.097883985	bchuang
5.9855025	-12.02535759	0.260600301	0.231166358	0.096387341	bchuang
5.985505	-12.02772152	0.267530614	0.230472994	0.097859434	bchuang
5.9855075	-11.98765582	0.287204687	0.231964844	0.097301802	bchuang
5.98551	-12.06680162	0.241377635	0.229015844	0.098409286	bchuang
5.9855125	-12.06893956	0.210290541	0.229877988	0.096219416	bchuang
5.985515	-12.03012224	0.120246195	0.230399298	0.097855946	bchuang
5.9855175	-12.04081423	0.146573643	0.231970714	0.093247721	bchuang
5.98552	-12.02834548	0.365930097	0.231535578	0.095270873	bchuang
5.9855225	-12.00303972	0.205296268	0.231740317	0.096685125	bchuang
5.985525	-12.04343451	0.196298533	0.231584418	0.094002692	bchuang
5.9855275	-12.08210765	0.2975065	0.230188809	0.094483678	bchuang
5.98553	-12.07311115	0.214977784	0.230279828	0.094940209	bchuang
5.9855325	-12.03176916	0.347029658	0.231876124	0.094177115	bchuang
5.985535	-12.0077616	0.279318309	0.230957719	0.09819167	bchuang
5.9855375	-12.0768867	0.077112175	0.230351075	0.094482332	bchuang
5.98554	-12.02530689	0.12425013	0.23230991	0.093601509	bchuang
5.9855425	-12.0897741	0.319281893	0.231285246	0.091170114	bchuang
5.985545	-12.03493531	0.321398774	0.231309351	0.095321576	bchuang
5.9855475	-11.99645742	0.122381896	0.233028717	0.094047011	bchuang
5.98555	-12.03270434	0.167636894	0.232677225	0.092106941	bchuang
5.9855525	-12.05980448	0.271391042	0.232161024	0.091291233	bchuang
5.985555	-12.02004367	0.234060198	0.232779559	0.092837931	bchuang
5.9855575	-12.0567055	0.22993384	0.232387635	0.090957355	bchuang
5.98556	-12.00972963	0.277710701	0.233244797	0.092473793	bchuang
5.9855625	-12.02112228	0.170890298	0.233042395	0.092091532	bchuang
5.985565	-12.03401465	0.237113313	0.233376356	0.090216213	bchuang
5.9855675	-12.03246157	0.298991188	0.232852123	0.091682982	bchuang
5.98557	-11.98385903	0.276362213	0.234214014	0.092056873	bchuang
5.9855725	-12.04590315	0.186785018	0.232205966	0.092264509	bchuang
5.985575	-12.09706111	0.21201096	0.231795584	0.08928632	bchuang
5.9855775	-11.97579829	0.311821672	0.23445993	0.092069906	bchuang
5.98558	-11.9926265	0.274404724	0.233956978	0.092016752	bchuang
5.9855825	-12.05953256	0.178120623	0.23194549	0.091858677	bchuang
5.985585	-12.10061587	0.083413556	0.231766295	0.089079411	bchuang
5.9855875	-11.96534958	0.160287298	0.236132501	0.088558471	bchuang
5.98559	-12.03914342	0.172752068	0.234276604	0.087430395	bchuang
5.9855925	-12.04737528	0.296433441	0.234639573	0.085763989	bchuang
5.985595	-11.97956928	0.294878534	0.235415652	0.089290139	bchuang
5.9855975	-12.07216805	0.176807653	0.233525862	0.086727093	bchuang
5.9856	-12.044465	0.230796752	0.234358376	0.086770846	bchuang
5.9856025	-12.08603745	0.250674567	0.23332075	0.086136416	bchuang
5.985605	-11.99930985	0.263110033	0.235556799	0.087285487	bchuang
5.9856075	-12.01989135	0.277236277	0.234961378	0.087181179	bchuang
5.98561	-11.99749439	0.177870741	0.235324589	0.088059553	bchuang
5.9856125	-12.09757275	0.230306397	0.233536904	0.084584193	bchuang
5.985615	-12.0189752	0.254717917	0.234917991	0.087373883	bchuang
5.9856175	-12.04752468	0.2311607	0.234825702	0.085240448	bchuang
5.98562	-11.99664112	0.250777083	0.23568873	0.087151447	bchuang
5.9856225	-12.02970993	0.239688779	0.235284227	0.085480431	bchuang
5.985625	-12.08417304	0.274639644	0.233407652	0.086055119	bchuang
5.9856275	-12.05317794	0.285072646	0.234399282	0.085935065	bchuang
5.98563	-12.0418274	0.057296459	0.234193679	0.087431631	bchuang
5.9856325	-12.0398673	0.231805782	0.236528599	0.081076516	bchuang
5.985635	-12.03886763	0.35427617	0.234432928	0.087033179	bchuang
5.9856375	-11.87525676	0.125398048	0.240066253	0.085454775	bchuang
5.98564	-12.01543855	0.225635032	0.236233367	0.084057316	bchuang
5.9856425	-12.09228703	0.254604689	0.234350739	0.082757685	bchuang
5.985645	-12.04931335	0.242714659	0.235255142	0.083894959	bchuang
5.9856475	-12.12468645	0.216756895	0.233529104	0.082305303	bchuang
5.98565	-12.00741414	0.273102453	0.23668598	0.083473698	bchuang
5.9856525	-12.05472543	0.198874102	0.235188485	0.083618361	bchuang
5.985655	-11.97940738	0.221381305	0.237905626	0.082441096	bchuang
5.9856575	-12.05830114	0.168234343	0.235339988	0.082882245	bchuang
5.98566	-12.06173658	0.276529943	0.236376848	0.079568434	bchuang
5.9856625	-12.01372641	0.366708202	0.236288775	0.084049046	bchuang
5.985665	-12.00952882	0.135713589	0.236730369	0.083163578	bchuang
5.9856675	-12.04614375	0.170858175	0.236435366	0.080791147	bchuang
5.98567	-12.09272654	0.253010423	0.23517219	0.080354798	bchuang
5.9856725	-12.04025324	0.242945156	0.236553386	0.080969866	bchuang
5.985675	-12.05138654	0.21105987	0.236341922	0.080598194	bchuang
5.9856775	-11.99487011	0.278042337	0.238126534	0.080411822	bchuang
5.98568	-12.00634899	0.210086013	0.23730198	0.08180056	bchuang
5.9856825	-11.9934875	0.102558623	0.238502952	0.07941513	bchuang
5.985685	-12.08758555	0.181803325	0.236371603	0.077230004	bchuang
5.9856875	-12.02098846	0.282260458	0.238326105	0.07740937	bchuang
5.98569	-12.06232252	0.214273955	0.236766642	0.078347402	bchuang
5.9856925	-12.0786293	0.260077571	0.23703809	0.076003979	bchuang
5.985695	-12.0060955	0.212514258	0.238200995	0.079167703	bchuang
5.9856975	-12.03365105	0.230169577	0.238569882	0.075452909	bchuang
5.9857	-12.04641181	0.267903403	0.237255742	0.078324653	bchuang
5.9857025	-12.11671179	0.177203396	0.236136265	0.075248607	bchuang
5.985705	-12.02805109	0.220460762	0.238369036	0.076614066	bchuang
5.9857075	-11.97987864	0.230952049	0.2401204	0.075702944	bchuang
5.98571	-12.02978717	0.338706041	0.238468181	0.076140553	bchuang
5.9857125	-12.01205741	0.293841514	0.238464299	0.077817616	bchuang
5.985715	-12.09850174	0.156702201	0.236204512	0.076734634	bchuang
5.9857175	-12.0657433	0.21944156	0.237768056	0.074927556	bchuang
5.98572	-12.04070756	0.242487024	0.238027252	0.076486026	bchuang
5.9857225	-12.04629877	0.142508674	0.238349169	0.074942225	bchuang
5.985725	-12.0548312	0.12370447	0.238519767	0.073569404	bchuang
5.9857275	-12.03162399	0.29078334	0.239766351	0.071763893	bchuang
5.98573	-11.98362105	0.370293402	0.240131099	0.075307356	bchuang
5.9857325	-12.08401255	0.285921325	0.237337807	0.074549767	bchuang
5.985735	-12.05181354	0.215273896	0.237939358	0.075711986	bchuang
5.9857375	-12.03174589	0.199749849	0.239043202	0.074125223	bchuang
5.98574	-12.01541466	0.19825246	0.23934426	0.074742943	bchuang
5.9857425	-12.01292196	0.170052391	0.239970244	0.072955885	bchuang
5.985745	-12.01141391	0.274667756	0.240094166	0.072697445	bchuang
5.9857475	-12.0233224	0.294003574	0.239468903	0.073569365	bchuang
5.98575	-12.05030173	0.269434035	0.238651708	0.07358337	bchuang
5.9857525	-11.99425375	0.15976136	0.240097921	0.074379174	bchuang
5.985755	-12.07579542	0.164311898	0.238660946	0.071028587	bchuang
5.9857575	-12.0622279	0.262161866	0.238903101	0.071578079	bchuang
5.98576	-12.06276702	0.293702952	0.238909472	0.071502846	bchuang
5.9857625	-12.04679549	0.256345779	0.238963823	0.072909636	bchuang
5.985765	-11.99260647	0.160204102	0.240782577	0.072297941	bchuang
5.9857675	-12.09637432	0.188906304	0.238300382	0.07017069	bchuang
5.98577	-12.06554172	0.264459084	0.239236045	0.070119801	bchuang
5.9857725	-12.06355758	0.258163843	0.239075734	0.070865128	bchuang
5.985775	-12.09745398	0.198075385	0.238282042	0.070123654	bchuang
5.9857775	-12.02354112	0.191449581	0.24057234	0.069854102	bchuang
5.98578	-12.04869324	0.169949848	0.240063114	0.069006923	bchuang
5.9857825	-11.95126709	0.226237252	0.243185113	0.068328106	bchuang
5.985785	-12.06320621	0.310038387	0.239830045	0.068305587	bchuang
5.9857875	-12.03386522	0.230936027	0.240414461	0.069329139	bchuang
5.98579	-11.96292708	0.268396831	0.242747426	0.068631878	bchuang
5.9857925	-11.98993335	0.232575465	0.241477546	0.070219303	bchuang
5.985795	-12.00470603	0.211452395	0.241701238	0.067881606	bchuang
5.9857975	-12.03699802	0.239959861	0.240455864	0.068858374	bchuang
5.9858	-12.0606856	0.226343429	0.240210676	0.067223777	bchuang
5.9858025	-11.99856223	0.193441322	0.241689821	0.068575919	bchuang
5.985805	-12.06332937	0.212144729	0.240541805	0.065741771	bchuang
5.9858075	-12.05815185	0.27282196	0.240308382	0.067144605	bchuang
5.98581	-12.02306296	0.21717883	0.241478935	0.066704423	bchuang
5.9858125	-12.05916047	0.255115463	0.240510615	0.06630764	bchuang
5.985815	-12.12981899	0.24125179	0.238479186	0.066070183	bchuang
5.9858175	-11.99606203	0.245680187	0.242316184	0.066602096	bchuang
5.98582	-12.02572486	0.248907869	0.241373696	0.066796998	bchuang
5.9858225	-12.01891036	0.157351586	0.24167503	0.066443777	bchuang
5.985825	-12.02508096	0.245905912	0.242052855	0.064364708	bchuang
5.9858275	-12.02961064	0.225938715	0.241394999	0.066298257	bchuang
5.98583	-12.02977683	0.215300833	0.242080689	0.063730265	bchuang
5.9858325	-12.02370687	0.23292022	0.241800159	0.065459413	bchuang
5.985835	-12.01305749	0.214254977	0.242655556	0.063439713	bchuang
5.9858375	-12.00864993	0.256416788	0.242465388	0.064658535	bchuang
5.98584	-12.03288612	0.241481348	0.242045083	0.063513275	bchuang
5.9858425	-12.03807666	0.242533697	0.241693889	0.064257498	bchuang
5.985845	-12.08125605	0.168980448	0.24074117	0.063007017	bchuang
5.9858475	-12.10312101	0.190677452	0.240442264	0.061666222	bchuang
5.98585	-12.10067375	0.30632013	0.240600245	0.06133072	bchuang
5.9858525	-11.98822724	0.318104971	0.243236747	0.064053803	bchuang
5.985855	-11.98863675	0.218239271	0.243235541	0.064011805	bchuang
5.9858575	-12.02334397	0.219009813	0.242466531	0.062987908	bchuang
5.98586	-12.08848582	0.224956972	0.240659576	0.062499277	bchuang
5.9858625	-12.01364436	0.143168609	0.242899751	0.062430175	bchuang
5.985865	-11.98373993	0.174700436	0.244300061	0.060414311	bchuang
5.9858675	-11.96919966	0.305461406	0.244649683	0.06075636	bchuang
5.98587	-12.0417458	0.330554659	0.2422887	0.061549404	bchuang
5.9858725	-12.00388252	0.13094118	0.243112615	0.062734436	bchuang
5.985875	-12.01531281	0.196727408	0.24380983	0.058569815	bchuang
5.9858775	-12.03211926	0.344992061	0.242677084	0.061144496	bchuang
5.98588	-12.0688725	0.146942216	0.24167298	0.060804566	bchuang
5.9858825	-12.09421634	0.16555753	0.241615281	0.057997631	bchuang
5.985885	-12.08508691	0.233361407	0.241768813	0.058475941	bchuang
5.9858875	-12.08242741	0.194809659	0.242039214	0.057675935	bchuang
5.98589	-12.0304748	0.236066658	0.243638349	0.057401143	bchuang
5.9858925	-12.09056216	0.277245225	0.24189049	0.057294252	bchuang
5.985895	-12.03407797	0.208420733	0.243351814	0.058159011	bchuang
5.9858975	-12.05427677	0.240996218	0.243155046	0.056459846	bchuang
5.9859	-11.96904509	0.313927794	0.245227958	0.058397883	bchuang
5.9859025	-12.04240697	0.245151475	0.243069626	0.058307692	bchuang
5.985905	-12.03420351	0.104967754	0.243415362	0.05787683	bchuang
5.9859075	-12.01450323	0.147202711	0.244750472	0.054613045	bchuang
5.98591	-12.07661708	0.380466584	0.24285995	0.054876427	bchuang
5.9859125	-12.05125079	0.276782271	0.242894018	0.057948411	bchuang
5.985915	-12.05701531	0.126054156	0.243233648	0.055769197	bchuang
5.9859175	-12.0223366	0.217887305	0.244469512	0.05483349	bchuang
5.98592	-12.05752928	0.258120858	0.24340584	0.054945781	bchuang
5.9859225	-12.00281001	0.193793699	0.244959647	0.055224038	bchuang
5.985925	-12.0777554	0.213920232	0.24316648	0.053349731	bchuang
5.9859275	-12.01354857	0.262933192	0.244865379	0.054223145	bchuang
5.98593	-12.10682869	0.274959302	0.242267248	0.053564969	bchuang
5.9859325	-12.09885571	0.241104424	0.242312388	0.054410066	bchuang
5.985935	-12.04472557	0.1998587	0.244048523	0.053754995	bchuang
5.9859375	-12.04305057	0.265154582	0.244164736	0.053450473	bchuang
5.98594	-12.0759839	0.22342701	0.24307123	0.054016602	bchuang
5.9859425	-12.03818886	0.293369646	0.244447924	0.052806806	bchuang
5.985945	-12.06670185	0.259680291	0.243057781	0.055290025	bchuang
5.9859475	-12.01438859	0.109097507	0.245051566	0.053261321	bchuang
5.98595	-12.03371672	0.164288208	0.244810013	0.051728531	bchuang
5.9859525	-12.04473379	0.257583324	0.244680669	0.050798947	bchuang
5.985955	-12.02254931	0.269209128	0.245071446	0.05204773	bchuang
5.9859575	-12.07463095	0.292325728	0.243721819	0.051189933	bchuang
5.98596	-12.08384951	0.170399874	0.243092694	0.052869345	bchuang
5.9859625	-12.00490911	0.147282448	0.246122523	0.049478857	bchuang
5.985965	-12.07278209	0.269664444	0.243980209	0.050207579	bchuang
5.9859675	-12.0614503	0.227170024	0.244408373	0.049737289	bchuang
5.98597	-12.09954607	0.301931645	0.243346112	0.049483484	bchuang
5.9859725	-12.03774119	0.294950294	0.244775441	0.051330082	bchuang
5.985975	-11.99245067	0.224763381	0.246102597	0.0513714	bchuang
5.9859775	-12.14660704	0.171358375	0.241858048	0.050060097	bchuang
5.98598	-12.02948139	0.187883647	0.245483014	0.049060772	bchuang
5.9859825	-12.02450547	0.297827618	0.245616483	0.04912491	bchuang
5.985985	-12.1083397	0.215937395	0.24299366	0.049952889	bchuang
5.9859875	-12.06750517	0.179537116	0.244577317	0.048005371	bchuang
5.98599	-12.03635357	0.345918466	0.245392718	0.048499444	bchuang
5.9859925	-11.99598511	0.230194169	0.246061087	0.0510689	bchuang
5.985995	-12.03659716	0.108215294	0.245482633	0.048005728	bchuang
5.9859975	-12.07144162	0.250224845	0.244689585	0.046832727	bchuang
5.986	-12.04112766	0.324493046	0.245344307	0.048033423	bchuang
